#Study : CKbyEmotion
#Date : 20191217 17:25:43
#Version : 7.2.15327.0
#TestRunDate : 20191217 16:29:46.814 (+02:00)

StudyName	ExportDate	Name	Age	Gender	StimulusName	SlideType	EventSource	Timestamp	MediaTime	PostMarker	Annotation	version	Number of faces	width	height	FrameIndex	faceid	#classifiers	Brow Furrow	Brow Raise	Engagement	Lip Corner Depressor	Smile	Valence	Attention	Interocular Distance	Pitch	Yaw	Roll	InnerBrowRaise	EyeClosure	NoseWrinkle	UpperLipRaise	LipSuck	LipPress	MouthOpen	ChinRaise	Smirk	LipPucker	Anger	Sadness	Disgust	Joy	Surprise	Fear	Contempt	Cheek Raise	Dimpler	Eye Widen	Lid Tighten	Lip Stretch	Jaw Drop	LiveMarker	KeyStroke	MarkerText	SceneType	SceneOutput	SceneParent
CKbyEmotion	20191217	S506-contempt	0	MALE	FaceRecording-1	TestImage	AffRaw	20191217_162946894	80			4	1	720	480	0	0	34	0.001332778	6.528209E-06	0.07906334	0.0005702614	0.001271002	0	98.61057	172.0416	5.61088	0.6885695	-3.070468	5.479371	8.750697E-11	2.291761E-06	1.735119E-07	0.0002336228	0.005576535	0.004910169	0.001534497	0.004479001	0.01227013	0.01968629	0.002890819	0.4259008	0.001829469	0.4523157	7.857891	0.1927515	2.620985E-06	0.004259053	74.49252	0.185098	0.001968924	0.07163245						
CKbyEmotion	20191217	S506-contempt	0	MALE	FaceRecording-1	TestImage	AffRaw	20191217_162946934	120			4	1	720	480	1	0	34	0.0002372629	2.966965E-06	0.07911783	0.001105768	0.0006245968	0	98.78068	172.9387	4.6072	-0.02699352	-4.308835	3.491249	5.574644E-11	1.323695E-07	7.571472E-09	0.0007596357	0.007941049	0.004695579	0.001351325	0.002504981	0.0230228	0.02095997	0.002540785	0.4258975	0.0018294	0.4346947	7.536984	0.1927165	4.241597E-07	0.006100588	74.38638	0.1137769	0.001791223	0.1141294						
CKbyEmotion	20191217	S506-contempt	0	MALE	FaceRecording-1	TestImage	AffRaw	20191217_162946974	160			4	1	720	480	2	0	34	0.0004051814	2.068693E-06	0.07910271	0.000938263	0.002338035	0	98.75127	173.5237	4.218941	-0.1475762	-3.141137	3.290886	1.983572E-11	4.04936E-07	2.290531E-08	0.000929988	0.004379372	0.007341562	0.00105587	0.001526487	0.02017296	0.02924521	0.001808285	0.4258773	0.001829981	0.477612	17.77679	0.1926724	1.851904E-06	0.007062358	84.18458	0.1239871	0.001513078	0.1418836						
CKbyEmotion	20191217	S506-contempt	0	MALE	FaceRecording-1	TestImage	AffRaw	20191217_162947014	200			4	1	720	480	3	0	34	0.0004744851	2.382891E-06	0.07909615	0.0006266857	0.002325254	0	98.52164	172.7576	3.64048	-1.003313	-3.357793	3.617507	1.741943E-11	5.714861E-07	2.967471E-08	0.001498691	0.006417422	0.005467482	0.001621161	0.002572928	0.01894284	0.03196991	0.001672355	0.4258467	0.001829907	0.4952792	22.68315	0.1926942	2.312844E-06	0.01813737	87.18278	0.1292681	0.003226022	0.1437466						
CKbyEmotion	20191217	S506-contempt	0	MALE	FaceRecording-1	TestImage	AffRaw	20191217_162947054	240			4	1	720	480	4	0	34	0.0007858356	2.3557E-06	0.0791403	0.0007259019	0.002197278	0	98.40299	170.1122	4.933355	-1.395296	-3.926474	3.477664	1.176592E-10	8.098971E-07	3.942953E-08	0.002182703	0.008555233	0.006400017	0.001771691	0.004023752	0.02645305	0.03061039	0.001738581	0.4258565	0.001829862	0.486446	20.23325	0.1927269	2.371515E-06	0.02471504	85.73663	0.1207566	0.005375181	0.1021995						
CKbyEmotion	20191217	S506-contempt	0	MALE	FaceRecording-1	TestImage	AffRaw	20191217_162947094	280			4	1	720	480	5	0	34	0.0007940984	2.798685E-06	0.07916221	0.0005811772	0.002491994	0	98.34892	171.5006	4.547074	-1.564559	-4.670341	3.703668	4.952312E-11	7.677581E-07	3.511252E-08	0.002822525	0.01290912	0.00501574	0.002005541	0.007634226	0.03032086	0.03229281	0.001660374	0.4258269	0.001829904	0.4974659	23.42648	0.1927964	2.664658E-06	0.05639534	87.56768	0.1112303	0.008112499	0.08803873						
CKbyEmotion	20191217	S506-contempt	0	MALE	FaceRecording-1	TestImage	AffRaw	20191217_162947134	320			4	1	720	480	6	0	34	0.0007076672	2.342232E-06	0.07913388	0.0005756847	0.003848392	0	98.48799	172.9373	4.59425	-1.117517	-4.104072	3.958185	1.213936E-11	7.530879E-07	3.304618E-08	0.003647788	0.0230327	0.003999841	0.002492099	0.02068584	0.02539745	0.03089602	0.001749747	0.4257812	0.001830286	0.4944616	21.64392	0.1930436	4.363373E-06	0.07857187	86.49648	0.1200213	0.01108308	0.06573664						
CKbyEmotion	20191217	S506-contempt	0	MALE	FaceRecording-1	TestImage	AffRaw	20191217_162947174	360			4	1	720	480	7	0	34	0.0006874742	4.528639E-06	0.07918981	0.0004336804	0.004831297	0	98.34	170.4661	4.327487	-1.591952	-4.071752	4.60642	3.439499E-11	6.308555E-07	2.833282E-08	0.006038196	0.0353121	0.004472016	0.003233251	0.08473859	0.01994283	0.03136478	0.001760788	0.4257384	0.001830599	0.5063507	23.76362	0.1943449	5.592581E-06	0.1428046	87.59428	0.1301627	0.01939177	0.06192169						
CKbyEmotion	20191217	S506-contempt	0	MALE	FaceRecording-1	TestImage	AffRaw	20191217_162947214	400			4	1	720	480	8	0	34	0.0006714056	4.815776E-06	0.07952433	0.0003757057	0.007912326	0	98.70891	172.6033	4.276143	-0.3165329	-3.949743	5.133459	3.031841E-11	1.969643E-06	8.058134E-08	0.005814282	0.09439214	0.00451814	0.0032195	0.3917294	0.0162096	0.03381773	0.001659635	0.4256761	0.001831526	0.5260022	29.37815	0.2007292	9.604644E-06	0.2188447	90.38759	0.1281981	0.03331587	0.05179565						
