#Study : CKbyEmotion
#Date : 20191217 20:49:59
#Version : 7.2.15327.0
#TestRunDate : 20191217 19:48:28.276 (+02:00)

StudyName	ExportDate	Name	Age	Gender	StimulusName	SlideType	EventSource	Timestamp	MediaTime	PostMarker	Annotation	version	Number of faces	width	height	FrameIndex	faceid	#classifiers	Brow Furrow	Brow Raise	Engagement	Lip Corner Depressor	Smile	Valence	Attention	Interocular Distance	Pitch	Yaw	Roll	InnerBrowRaise	EyeClosure	NoseWrinkle	UpperLipRaise	LipSuck	LipPress	MouthOpen	ChinRaise	Smirk	LipPucker	Anger	Sadness	Disgust	Joy	Surprise	Fear	Contempt	Cheek Raise	Dimpler	Eye Widen	Lid Tighten	Lip Stretch	Jaw Drop	LiveMarker	KeyStroke	MarkerText	SceneType	SceneOutput	SceneParent
CKbyEmotion	20191217	S136-surprise	0	MALE	FaceRecording-1	TestImage	AffRaw	20191217_194828356	80			4	1	640	490	0	0	34	3.301515E-06	7.282466E-06	0.07903814	0.0004622022	2.057988E-06	0	97.98593	135.4885	4.392773	-2.576656	7.632966	0.3904225	7.236392E-12	3.117013E-13	1.252917E-15	0.004313375	0.007684053	0.001918991	0.0006437331	0.000404205	0.00913248	0.05411176	0.0008874375	0.4258182	0.001829149	0.5255495	49.45865	0.1926817	4.745605E-12	0.0008434898	99.74331	0.0003535621	0.0004635689	0.07492765						
CKbyEmotion	20191217	S136-surprise	0	MALE	FaceRecording-1	TestImage	AffRaw	20191217_194828396	120			4	1	640	490	1	0	34	1.449828E-05	2.361508E-05	0.07906797	0.0003982854	6.734281E-06	0	97.96008	135.4358	6.556205	-2.641766	6.955138	0.6410867	4.704698E-12	3.388577E-12	1.243167E-14	0.002949442	0.007258424	0.004990649	0.0002880023	0.001767115	0.008674447	0.05392043	0.0008979206	0.4259377	0.00182925	0.5296682	49.87621	0.1927095	2.481668E-11	0.0007784104	99.89008	0.0003634436	0.0003882304	0.1394077						
CKbyEmotion	20191217	S136-surprise	0	MALE	FaceRecording-1	TestImage	AffRaw	20191217_194828436	160			4	1	640	490	2	0	34	1.577343E-05	1.86268E-05	0.0790908	0.0004554059	4.663187E-06	0	97.52855	136.4247	6.177306	-3.623296	7.189228	0.6841577	6.013201E-12	1.426948E-12	5.79449E-15	0.001769563	0.00466211	0.006679941	0.0001841284	0.002521065	0.009279866	0.05379856	0.000901201	0.4260035	0.001829305	0.5295614	49.87312	0.192725	1.475385E-11	0.0006327499	99.86709	0.0004333376	0.0002982568	0.09561181						
CKbyEmotion	20191217	S136-surprise	0	MALE	FaceRecording-1	TestImage	AffRaw	20191217_194828476	200			4	1	640	490	3	0	34	1.788582E-05	1.417386E-05	0.07910618	0.0003183868	4.989567E-06	0	98.00765	136.1181	5.771547	-2.521334	6.682117	0.6115302	3.029725E-11	1.463403E-12	5.626827E-15	0.001442275	0.005876255	0.008393271	0.000200641	0.004272607	0.02117971	0.0538913	0.0008973932	0.425981	0.001829363	0.5295559	49.72495	0.1927608	1.704008E-11	0.0008744386	99.84661	0.0004180771	0.0003805671	0.1758288						
CKbyEmotion	20191217	S136-surprise	0	MALE	FaceRecording-1	TestImage	AffRaw	20191217_194828516	240			4	1	640	490	4	0	34	3.260134E-05	4.875662E-05	0.07938036	0.0002836889	9.272247E-06	0	97.94363	136.3568	5.271933	-2.682743	6.751488	0.5202093	2.683062E-11	4.326721E-12	2.04887E-14	0.0009520446	0.006056194	0.02452086	0.0002243708	0.007980714	0.06962562	0.05416909	0.0008895788	0.4260965	0.001829897	0.5351245	49.37535	0.1928366	4.044967E-11	0.001116668	99.91034	0.0003795374	0.0004415584	0.7409104						
CKbyEmotion	20191217	S136-surprise	0	MALE	FaceRecording-1	TestImage	AffRaw	20191217_194828556	280			4	1	640	490	5	0	34	3.866959E-05	0.00178432	0.07976651	0.0003930792	9.737212E-06	0	98.33765	135.6624	5.674212	-1.599119	6.587178	0.2778938	1.643266E-11	6.953014E-12	6.00964E-14	0.0008737959	0.004498797	0.1358792	0.0003619811	0.01022449	0.09837947	0.05470524	0.0008704457	0.4269678	0.001833501	0.6059082	44.17427	0.1928825	5.140826E-11	0.001288001	99.96625	0.000352263	0.0003763971	7.058817						
CKbyEmotion	20191217	S136-surprise	0	MALE	FaceRecording-1	TestImage	AffRaw	20191217_194828596	320			4	1	640	490	6	0	34	3.822607E-05	0.1699436	0.0825639	0.0003300594	1.130514E-05	0	98.02032	135.9797	5.934934	-2.488783	7.101259	0.2095138	2.832354E-11	9.288664E-12	1.762421E-13	0.0003723151	0.003364983	0.4506795	0.0002685772	0.007353009	0.196731	0.05440481	0.0008533153	0.4294001	0.001833906	1.000983	25.78744	0.1928237	7.942973E-11	0.0008396422	99.98565	0.0003054357	0.0002458843	31.60318						
CKbyEmotion	20191217	S136-surprise	0	MALE	FaceRecording-1	TestImage	AffRaw	20191217_194828636	360			4	1	640	490	7	0	34	6.253772E-05	3.636726	0.1135179	0.0003442092	1.486578E-05	0	98.1545	135.9745	6.604519	-2.131067	8.06347	0.2467344	1.527737E-10	4.619973E-11	1.765275E-12	0.0002822783	0.003041344	1.445666	0.0003629358	0.00645454	0.5802235	0.04571021	0.00075856	0.4372042	0.001667092	2.745299	7.24087	0.1928054	1.399732E-10	0.0008432067	99.99651	0.0003143946	0.0002043058	72.98413						
CKbyEmotion	20191217	S136-surprise	0	MALE	FaceRecording-1	TestImage	AffRaw	20191217_194828676	400			4	1	640	490	8	0	34	8.461093E-05	36.51785	1.466606	0.0004655684	2.097085E-05	0	98.61127	138.0806	6.88974	-0.6859948	7.460659	0.2298369	1.584825E-09	1.527257E-10	1.516171E-11	0.0005377232	0.003591859	4.577928	0.0008355358	0.007176013	1.307926	0.008840141	0.0002999989	0.4626953	0.0006016569	19.19979	1.30364	0.1928201	2.605802E-10	0.001140765	99.99877	0.0003179884	0.0002082356	93.4						
CKbyEmotion	20191217	S136-surprise	0	MALE	FaceRecording-1	TestImage	AffRaw	20191217_194828716	440			4	1	640	490	9	0	34	0.0001006489	84.50497	48.9625	0.000525495	2.364032E-05	0	98.45569	136.5465	6.528078	-1.224843	7.734164	0.2405969	1.607356E-09	6.38694E-10	1.695094E-10	0.001419999	0.003004207	14.91394	0.002036633	0.008357847	2.445744	0.0008023402	6.408821E-05	0.5578076	0.0001509774	79.15885	0.2203305	0.1928444	3.418076E-10	0.001227903	99.99949	0.0003581285	0.0002103429	99.08147						
CKbyEmotion	20191217	S136-surprise	0	MALE	FaceRecording-1	TestImage	AffRaw	20191217_194828756	480			4	1	640	490	10	0	34	7.672401E-05	97.27947	91.99957	0.00054295	2.276579E-05	0	98.58597	135.4886	6.723955	-0.7775636	8.793019	0.2446718	8.110862E-10	1.111318E-09	1.02995E-09	0.002756701	0.002621883	36.91256	0.004566059	0.01004151	3.699743	0.0004236176	2.237307E-05	0.8297898	0.0001482698	92.6704	0.1407736	0.1928787	3.548445E-10	0.00104595	99.99969	0.0003955411	0.0002149617	99.77274						
CKbyEmotion	20191217	S136-surprise	0	MALE	FaceRecording-1	TestImage	AffRaw	20191217_194828796	520			4	1	640	490	11	0	34	8.319421E-05	99.48035	99.17157	0.0005464496	2.396278E-05	0	98.17996	137.5525	6.683683	-2.060285	9.757841	0.2904565	4.653254E-10	1.673322E-09	4.359307E-09	0.006069683	0.003315929	67.51083	0.01151867	0.01227684	6.977798	0.0003790484	7.658965E-06	1.438256	0.0002406479	96.82245	0.1301213	0.1929244	4.135754E-10	0.0007879338	99.99979	0.0004567834	0.0002328972	99.95886						
CKbyEmotion	20191217	S136-surprise	0	MALE	FaceRecording-1	TestImage	AffRaw	20191217_194828836	560			4	1	640	490	12	0	34	0.0001123727	99.86251	99.79116	0.0004427074	2.299282E-05	0	97.59104	136.7624	7.964234	-3.492033	8.786535	0.3508123	3.539213E-10	4.203338E-09	1.914427E-08	0.008939289	0.002421557	86.50777	0.02059669	0.01399768	9.205878	0.0003712939	4.043388E-06	2.019335	0.0003357018	98.04008	0.1285066	0.1929598	4.525271E-10	0.0004860958	99.99982	0.0005316244	0.0002390869	99.98217						
CKbyEmotion	20191217	S136-surprise	0	MALE	FaceRecording-1	TestImage	AffRaw	20191217_194828876	600			4	1	640	490	13	0	34	0.0001321972	99.94263	99.90273	0.0003186161	1.654658E-05	0	98.15057	135.4524	8.649262	-2.141888	10.36552	0.4447478	2.884167E-10	7.100486E-09	3.653102E-08	0.01094044	0.002030644	97.13841	0.05990104	0.01857388	15.07167	0.0003691754	2.848963E-06	2.439163	0.0004062152	98.49969	0.1283117	0.1930536	3.715485E-10	0.0003404928	99.99993	0.0006315833	0.000274312	99.9951						
CKbyEmotion	20191217	S136-surprise	0	MALE	FaceRecording-1	TestImage	AffRaw	20191217_194828916	640			4	1	640	490	14	0	34	0.0001808462	99.97578	99.91842	0.000289108	1.271147E-05	0	97.9098	135.511	9.137762	-2.766077	9.910913	0.5381093	1.182432E-10	5.438673E-09	3.775461E-08	0.01430533	0.001212435	99.5706	0.1797599	0.02267588	17.7754	0.0003689537	2.641209E-06	2.54625	0.0004241197	98.5919	0.1283614	0.1931378	3.060842E-10	0.000204959	99.99996	0.000777208	0.0002675281	99.99712						
CKbyEmotion	20191217	S136-surprise	0	MALE	FaceRecording-1	TestImage	AffRaw	20191217_194828956	680			4	1	640	490	15	0	34	0.0002746063	99.99001	99.92071	0.0002336522	1.156647E-05	0	98.31235	134.2235	10.01623	-1.675955	9.244432	0.6565795	4.214533E-11	5.8918E-09	4.60984E-08	0.0197765	0.001164384	99.95567	0.6562104	0.02603507	24.57432	0.0003732223	2.627041E-06	2.562996	0.0004268978	98.60947	0.1285477	0.193207	3.131277E-10	0.0001797014	99.99998	0.000937678	0.0003563253	99.99879						
CKbyEmotion	20191217	S136-surprise	0	MALE	FaceRecording-1	TestImage	AffRaw	20191217_194828996	720			4	1	640	490	16	0	34	0.0005175853	99.98792	99.92092	0.0001965866	9.836557E-06	0	98.13863	132.8003	9.533417	-2.174654	8.17614	0.9094237	1.194984E-10	1.86414E-08	1.206002E-07	0.02157148	0.000636962	99.99445	1.434481	0.02772905	18.85923	0.0003798984	2.66837E-06	2.564556	0.0004272211	98.61755	0.1290994	0.1932425	3.208182E-10	9.99483E-05	99.99998	0.001323327	0.0004235473	99.99901						
CKbyEmotion	20191217	S136-surprise	0	MALE	FaceRecording-1	TestImage	AffRaw	20191217_194829036	760			4	1	640	490	17	0	34	0.0007856482	99.99271	99.92097	0.0001686245	8.899447E-06	0	97.83264	134.4227	10.19671	-2.951252	8.679364	1.341163	3.043349E-10	6.67611E-08	3.330017E-07	0.02903789	0.0006201164	99.99924	3.200524	0.03104068	22.18068	0.0003972384	2.745239E-06	2.563875	0.0004271841	98.62976	0.1300086	0.1933115	3.177326E-10	6.322627E-05	99.99998	0.001922266	0.000474706	99.9996						
CKbyEmotion	20191217	S136-surprise	0	MALE	FaceRecording-1	TestImage	AffRaw	20191217_194829076	800			4	1	640	490	18	0	34	0.001384577	99.99436	99.92097	0.0001514442	8.076359E-06	0	98.1049	134.5198	9.492236	-2.266168	7.399844	2.72044	1.982492E-10	1.744141E-07	6.520901E-07	0.03325399	0.0007033946	99.99985	4.980022	0.0343887	18.43059	0.0004026449	3.009368E-06	2.563395	0.0004271487	98.66663	0.1330231	0.1933823	3.229147E-10	3.717393E-05	99.99998	0.002907052	0.0005279085	99.99964						
