#Study : ck_happy
#Date : 20201109 13:28:55
#Version : 7.2.17995.2
#TestRunDate : 20201109 13:22:17.230 (+02:00)

StudyName	ExportDate	Name	Age	Gender	StimulusName	SlideType	EventSource	Timestamp	MediaTime	PostMarker	Annotation	version	Number of faces	width	height	FrameIndex	faceid	#classifiers	Brow Furrow	Brow Raise	Engagement	Lip Corner Depressor	Smile	Valence	Attention	Interocular Distance	Pitch	Yaw	Roll	InnerBrowRaise	EyeClosure	NoseWrinkle	UpperLipRaise	LipSuck	LipPress	MouthOpen	ChinRaise	Smirk	LipPucker	Anger	Sadness	Disgust	Joy	Surprise	Fear	Contempt	Cheek Raise	Dimpler	Eye Widen	Lid Tighten	Lip Stretch	Jaw Drop	LiveMarker	KeyStroke	MarkerText	SceneType	SceneOutput	SceneParent
ck_happy	20201109	S136-happy	0	MALE	FaceRecording-1	TestImage	AffRaw	20201109_132217310	80			4	1	640	490	0	0	34	0.0002003282	4.123585E-06	0.07905287	0.000299725	4.941149E-05	0	97.46272	136.2289	7.5028	-3.758097	7.206562	1.593034	5.17063E-12	8.731606E-11	3.076588E-13	0.002006331	0.01154719	0.006126597	0.0007548392	0.002062164	0.006325501	0.01506195	0.003318982	0.4259074	0.001829279	0.3718572	2.368308	0.1927156	1.566774E-09	0.0006592653	62.57079	0.001040124	0.0004870276	0.07999677						
ck_happy	20201109	S136-happy	0	MALE	FaceRecording-1	TestImage	AffRaw	20201109_132217350	120			4	1	640	490	1	0	34	8.404557E-05	3.167249E-05	0.07909846	0.0002884825	0.0001175287	0	97.70575	134.2385	8.111897	-3.242236	7.162903	1.740703	5.286185E-12	1.908337E-10	1.413782E-12	0.004713705	0.01081261	0.01114714	0.0007847474	0.004739282	0.01469726	0.009741629	0.005156638	0.4259828	0.00182948	0.3282136	0.6618991	0.1927689	4.601852E-09	0.001069837	49.64033	0.001319222	0.000735113	0.1267036						
ck_happy	20201109	S136-happy	0	MALE	FaceRecording-1	TestImage	AffRaw	20201109_132217390	160			4	1	640	490	2	0	34	0.0001619979	2.358344E-05	0.079115	0.0005490405	0.0001328874	0	97.40212	136.019	7.981976	-3.879228	7.128226	1.638261	9.902792E-12	3.382684E-10	2.280178E-12	0.003256909	0.009353775	0.01547224	0.001552775	0.00409962	0.01011561	0.00960458	0.005211741	0.4260664	0.00182962	0.325528	0.6281849	0.1927559	5.843185E-09	0.0006877037	49.11402	0.00115162	0.0006560121	0.07499215						
ck_happy	20201109	S136-happy	0	MALE	FaceRecording-1	TestImage	AffRaw	20201109_132217430	200			4	1	640	490	3	0	34	9.803064E-05	3.881446E-05	0.07907547	0.0002714525	0.0003284333	0	97.6091	134.5784	8.391364	-3.453493	6.625027	2.003476	2.002236E-11	6.649974E-10	5.833422E-12	0.002449851	0.007710323	0.01553737	0.001640203	0.01102911	0.008421443	0.008870448	0.005711957	0.4260297	0.001829688	0.3216627	0.5162916	0.1928946	1.89347E-08	0.0004845601	47.09528	0.001100681	0.0006025704	0.1196429						
ck_happy	20201109	S136-happy	0	MALE	FaceRecording-1	TestImage	AffRaw	20201109_132217470	240			4	1	640	490	4	0	34	0.0001699772	2.917206E-05	0.07907034	0.0002145701	0.0005226701	0	97.44199	135.6402	7.472301	-3.799869	7.028786	1.371425	5.37685E-12	1.167236E-09	9.051159E-12	0.001290054	0.007391134	0.01467514	0.001145546	0.01445447	0.01430874	0.01064436	0.004660604	0.4260332	0.001829709	0.3333567	0.8262157	0.1929621	3.343246E-08	0.0004650531	51.93532	0.0008923411	0.0006343226	0.1243456						
ck_happy	20201109	S136-happy	0	MALE	FaceRecording-1	TestImage	AffRaw	20201109_132217510	280			4	1	640	490	5	0	34	0.0001417939	6.752248E-05	0.07910762	0.0001293178	0.002231107	0	97.91418	135.8482	7.926954	-2.755331	6.42796	1.566386	2.229356E-12	3.290935E-09	2.95415E-11	0.0008894269	0.006327607	0.02130689	0.0009105492	0.03608762	0.02076885	0.01538984	0.00324291	0.4260724	0.001830441	0.3752283	2.503899	0.1933804	1.717166E-07	0.0003624025	63.19641	0.0008899054	0.0007115693	0.2274454						
ck_happy	20201109	S136-happy	0	MALE	FaceRecording-1	TestImage	AffRaw	20201109_132217550	320			4	1	640	490	6	0	34	9.327141E-05	0.0001102549	0.07916292	8.467599E-05	0.007674226	0	98.31208	134.6058	7.603347	-1.676749	6.985029	1.510308	5.173234E-12	5.874834E-09	6.600611E-11	0.0004402557	0.003613614	0.02623419	0.0009636151	0.05442646	0.03113238	0.02145283	0.002319918	0.4259931	0.00183224	0.415191	6.436203	0.1936778	6.93084E-07	0.0003313939	73.11832	0.0008929744	0.0007544355	0.3964194						
ck_happy	20201109	S136-happy	0	MALE	FaceRecording-1	TestImage	AffRaw	20201109_132217590	360			4	1	640	490	7	0	34	9.465334E-05	0.0001436404	0.07932653	9.128926E-05	0.03008498	0	98.02622	135.3371	6.667389	-2.473567	7.02475	1.482431	3.224595E-12	3.965276E-08	5.496013E-10	0.000242239	0.001258427	0.05038646	0.0007189407	0.0610051	0.0399	0.02942266	0.001683458	0.4255925	0.001839776	0.4715217	14.3862	0.1934881	3.291769E-06	0.0001798806	82.61549	0.0008074593	0.0004353258	2.035067						
ck_happy	20201109	S136-happy	0	MALE	FaceRecording-1	TestImage	AffRaw	20201109_132217630	400			4	1	640	490	8	0	34	0.0001469608	0.0002221225	0.08005878	0.0001046018	0.0944561	0	97.58902	134.6245	5.41876	-3.496336	6.812005	1.46735	9.705805E-13	5.578059E-07	8.926549E-09	0.0002286096	0.00041482	0.1493365	0.0005981424	0.07622774	0.04157234	0.03443213	0.00142078	0.4246055	0.001862595	0.5753478	17.44827	0.1928693	1.413297E-05	0.000115777	87.44754	0.0007302171	0.0003372488	9.513065						
ck_happy	20201109	S136-happy	0	MALE	FaceRecording-1	TestImage	AffRaw	20201109_132217670	440			4	1	640	490	9	0	34	0.0001577745	0.0004279637	0.0823815	7.401656E-05	0.2948162	0	97.98552	135.3522	5.384243	-2.577699	5.814056	1.540984	1.513686E-12	4.416011E-06	8.420805E-08	0.0001561659	0.0001592894	0.4384997	0.00041803	0.07993087	0.02628443	0.0363954	0.00129929	0.4214051	0.001934805	0.8477857	12.42369	0.1900728	5.161752E-05	8.209678E-05	89.58662	0.0007499857	0.0002811982	27.52781						
ck_happy	20201109	S136-happy	0	MALE	FaceRecording-1	TestImage	AffRaw	20201109_132217710	480			4	1	640	490	10	0	34	0.0001507314	0.0006355445	0.0869343	6.675581E-05	0.6716776	0	98.08798	134.9844	4.136322	-2.311469	6.062076	1.549868	3.862178E-12	2.442289E-05	5.307252E-07	0.0001404173	4.754799E-05	1.212603	0.0004158142	0.06070136	0.0141625	0.03830956	0.001144276	0.417067	0.002087028	1.414767	7.310884	0.184409	0.0001446806	6.576368E-05	91.88787	0.0007386682	0.0002646316	51.29146						
ck_happy	20201109	S136-happy	0	MALE	FaceRecording-1	TestImage	AffRaw	20201109_132217750	520			4	1	640	490	11	0	34	0.0001206319	0.001025857	0.09869307	6.885772E-05	1.560535	0	98.02775	135.051	3.743573	-2.469612	5.374115	1.525046	2.296572E-12	8.784655E-05	2.366301E-06	0.0001555075	4.531443E-05	2.368052	0.000449339	0.06186594	0.008849621	0.03867171	0.0009679947	0.402075	0.002464981	2.30679	4.130191	0.1725581	0.0003524343	8.424073E-05	93.92375	0.0007735905	0.0003095638	73.75204						
ck_happy	20201109	S136-happy	0	MALE	FaceRecording-1	TestImage	AffRaw	20201109_132217790	560			4	1	640	490	12	0	34	9.385926E-05	0.001188312	0.1238693	7.221018E-05	3.152788	0	97.68723	134.8646	3.865506	-3.283371	6.107421	1.445069	2.08383E-12	0.0001383752	3.950341E-06	0.0001675325	3.644932E-05	3.891183	0.0005624112	0.05221598	0.006278128	0.03565561	0.0008048945	0.3727504	0.00328845	2.754669	3.177355	0.1530072	0.0007280476	9.709205E-05	94.59149	0.0007717586	0.0003647548	80.69552						
ck_happy	20201109	S136-happy	0	MALE	FaceRecording-1	TestImage	AffRaw	20201109_132217830	600			4	1	640	490	13	0	34	7.356821E-05	0.001245316	0.1702725	6.340628E-05	5.383251	0	98.06117	134.6164	4.348598	-2.382461	6.159412	1.325841	1.331661E-12	0.0002535429	6.545577E-06	0.0001198202	0.0001433045	9.375366	0.0006663052	0.05178577	0.004699584	0.03075636	0.0005750114	0.3560604	0.00523357	3.447176	2.321171	0.1294623	0.001393983	0.0001162498	94.49752	0.0007679057	0.000508365	85.57654						
ck_happy	20201109	S136-happy	0	MALE	FaceRecording-1	TestImage	AffRaw	20201109_132217870	640			4	1	640	490	14	0	34	6.512377E-05	0.001375796	0.2529074	6.136581E-05	7.845639	1.935007	97.7739	133.4683	3.197191	-3.087979	6.86206	1.397743	3.272365E-12	0.0002443305	7.266731E-06	8.471767E-05	0.0003242227	16.31545	0.0007587944	0.04436516	0.004290577	0.02777107	0.0003647652	0.3441715	0.008883297	4.113791	2.432353	0.10757	0.002173378	9.5789E-05	96.43044	0.0007834261	0.000615651	85.04863						
ck_happy	20201109	S136-happy	0	MALE	FaceRecording-1	TestImage	AffRaw	20201109_132217910	680			4	1	640	490	15	0	34	5.213893E-05	0.001659391	0.5808691	6.643552E-05	11.6571	5.965326	98.23752	133.2276	4.023221	-1.896657	6.768408	1.420234	1.795655E-11	6.696986E-05	1.877107E-06	8.497758E-05	0.002417441	28.00229	0.0008657352	0.04219351	0.003481921	0.02216249	0.0001863903	0.331947	0.020496	5.787505	1.882196	0.08082758	0.003366443	0.0001387954	97.30672	0.0008190399	0.0008735642	87.92696						
ck_happy	20201109	S136-happy	0	MALE	FaceRecording-1	TestImage	AffRaw	20201109_132217950	720			4	1	640	490	16	0	34	5.004302E-05	0.00132013	1.509928	7.215243E-05	14.78611	9.327824	97.96056	134.9094	2.880693	-2.640584	6.928692	1.264953	1.081812E-11	3.876334E-05	1.106681E-06	7.045105E-05	0.009238387	41.50817	0.00116918	0.03535523	0.003011972	0.01821008	9.478948E-05	0.3459657	0.04371056	7.443017	1.743079	0.06388507	0.005178162	0.0001726569	97.51469	0.0008825829	0.001190944	84.56193						
ck_happy	20201109	S136-happy	0	MALE	FaceRecording-1	TestImage	AffRaw	20201109_132217990	760			4	1	640	490	17	0	34	4.784547E-05	0.001290145	5.486309	8.242336E-05	19.98795	14.80396	98.25888	135.1121	2.827951	-1.834614	6.307196	1.350896	9.494403E-12	2.84977E-05	6.84094E-07	8.3516E-05	0.03372547	60.14786	0.00184319	0.03532759	0.002968743	0.0128285	3.621955E-05	0.345919	0.1435531	11.64999	1.183758	0.04325665	0.007613514	0.0002194297	97.49277	0.001092652	0.001498294	85.91477						
ck_happy	20201109	S136-happy	0	MALE	FaceRecording-1	TestImage	AffRaw	20201109_132218030	800			4	1	640	490	18	0	34	4.663989E-05	0.001101937	11.69457	8.55985E-05	24.97596	20.10649	98.11595	134.8414	2.809374	-2.236362	7.454287	1.267208	1.003142E-11	2.488607E-05	6.701233E-07	0.00011595	0.06142217	71.69542	0.002872451	0.03139159	0.002591326	0.009016613	1.797621E-05	0.3083342	0.3995425	13.77112	0.9196388	0.02974816	0.01034466	0.000371415	96.8046	0.001259817	0.00194495	81.48704						
ck_happy	20201109	S136-happy	0	MALE	FaceRecording-1	TestImage	AffRaw	20201109_132218070	840			4	1	640	490	19	0	34	4.376451E-05	0.0008986375	17.16543	8.879809E-05	28.16693	23.44094	98.13403	135.1017	2.880153	-2.187224	7.078966	1.375126	1.774675E-11	2.50881E-05	7.149799E-07	0.0001482225	0.09893224	77.96382	0.004143679	0.02895223	0.002505759	0.007169668	1.202392E-05	0.2809989	0.7521305	15.82768	0.707987	0.023412	0.01228453	0.0004884547	96.41602	0.001476847	0.002593771	81.90469						
