#Study : CKbyEmotion
#Date : 20191217 20:49:59
#Version : 7.2.15327.0
#TestRunDate : 20191217 19:48:28.193 (+02:00)

StudyName	ExportDate	Name	Age	Gender	StimulusName	SlideType	EventSource	Timestamp	MediaTime	PostMarker	Annotation	version	Number of faces	width	height	FrameIndex	faceid	#classifiers	Brow Furrow	Brow Raise	Engagement	Lip Corner Depressor	Smile	Valence	Attention	Interocular Distance	Pitch	Yaw	Roll	InnerBrowRaise	EyeClosure	NoseWrinkle	UpperLipRaise	LipSuck	LipPress	MouthOpen	ChinRaise	Smirk	LipPucker	Anger	Sadness	Disgust	Joy	Surprise	Fear	Contempt	Cheek Raise	Dimpler	Eye Widen	Lid Tighten	Lip Stretch	Jaw Drop	LiveMarker	KeyStroke	MarkerText	SceneType	SceneOutput	SceneParent
CKbyEmotion	20191217	S135-surprise	0	MALE	FaceRecording-1	TestImage	AffRaw	20191217_194828273	80			4	1	640	490	0	0	34	0.6262329	0.0004524527	0.1021835	0.000432873	0.01322677	0	98.55771	135.4319	-18.6	0.8779757	-0.0274078	0.5377562	1.219548E-07	0.007549899	0.006245167	0.007081949	0.03790581	2.981903	0.04469076	0.001877435	0.004428149	0.002290065	0.0235976	0.4494244	0.001857427	0.2022337	0.004667239	0.1947905	0.0005031396	0.0137243	2.801564E-06	0.4148276	0.001661316	0.03857502						
CKbyEmotion	20191217	S135-surprise	0	MALE	FaceRecording-1	TestImage	AffRaw	20191217_194828313	120			4	1	640	490	1	0	34	1.43136	0.0003751386	0.1221419	0.0008939083	0.01232128	0	98.62659	134.1511	-19.47514	0.6297804	0.2465821	0.7992663	7.74986E-08	0.02565044	0.02071135	0.008136043	0.03615699	4.677354	0.07048193	0.002582313	0.005721809	0.002577735	0.02410764	0.4645073	0.001816977	0.202128	0.004814078	0.1977758	0.0006163618	0.01191427	7.564107E-06	0.5259515	0.002119139	0.0471244						
CKbyEmotion	20191217	S135-surprise	0	MALE	FaceRecording-1	TestImage	AffRaw	20191217_194828353	160			4	1	640	490	2	0	34	0.8559136	0.0001952953	0.1524312	0.0005472052	0.02295273	0	98.32179	133.6446	-17.84846	1.647393	1.392915	0.7563378	4.18891E-08	0.04589591	0.05255691	0.008824122	0.03028215	8.358468	0.08834368	0.004353046	0.01090865	0.002789826	0.02035273	0.4977972	0.002020838	0.2291727	0.004714684	0.1955386	0.001196509	0.01208767	2.559529E-05	0.5905552	0.001848136	0.05506466						
CKbyEmotion	20191217	S135-surprise	0	MALE	FaceRecording-1	TestImage	AffRaw	20191217_194828393	200			4	1	640	490	3	0	34	1.130934	0.0001045436	0.4043589	0.000585589	0.03189091	0	98.63216	133.6423	-18.37092	0.6091702	0.8513298	0.7859521	3.735855E-08	0.09815833	0.1236262	0.00288394	0.02318603	21.77708	0.07305957	0.006232016	0.0244518	0.004471339	0.01330612	0.6391051	0.002536908	0.3156577	0.004745764	0.1964552	0.001867369	0.01060331	3.03619E-05	0.6574566	0.001818183	0.1299492						
CKbyEmotion	20191217	S135-surprise	0	MALE	FaceRecording-1	TestImage	AffRaw	20191217_194828433	240			4	1	640	490	4	0	34	1.658344	9.358727E-05	1.551761	0.0006572357	0.02941753	0	98.31647	133.0221	-18.13916	1.663496	1.306544	0.7268102	2.854856E-08	0.1210963	0.1771397	0.001623963	0.01622923	40.23969	0.05592875	0.00595272	0.03840104	0.008683419	0.007454209	0.8958172	0.003427035	0.4849104	0.004807706	0.1984345	0.001807354	0.006803347	4.749704E-05	0.6928408	0.001300311	0.2433275						
CKbyEmotion	20191217	S135-surprise	0	MALE	FaceRecording-1	TestImage	AffRaw	20191217_194828473	280			4	1	640	490	5	0	34	2.004482	7.88924E-05	5.899393	0.0009199997	0.02432117	0	98.45909	133.3265	-18.02243	1.21366	1.516318	0.7034454	1.806142E-08	0.1101124	0.1699314	0.001132661	0.01511108	59.2223	0.05966412	0.004167678	0.05231328	0.01680405	0.004058587	1.259219	0.004727191	0.763768	0.004832684	0.1997624	0.001420198	0.005720854	4.411575E-05	0.6403066	0.001015561	0.4321761						
CKbyEmotion	20191217	S135-surprise	0	MALE	FaceRecording-1	TestImage	AffRaw	20191217_194828513	320			4	1	640	490	6	0	34	2.884286	9.135066E-05	17.01214	0.0008025208	0.02083466	0	98.40804	133.8841	-18.10403	1.379233	0.8211074	0.6665675	1.53901E-08	0.1298925	0.2379997	0.0006651022	0.008471817	74.92897	0.04892869	0.002841493	0.04947973	0.03057212	0.002562974	1.676215	0.005934229	1.070513	0.00496147	0.2031028	0.001386261	0.004613633	4.661125E-05	0.6396059	0.0008086014	0.511372						
CKbyEmotion	20191217	S135-surprise	0	MALE	FaceRecording-1	TestImage	AffRaw	20191217_194828553	360			4	1	640	490	7	0	34	3.739607	8.907952E-05	31.09336	0.0007839687	0.01587612	0	98.45567	133.2131	-17.95729	1.224926	1.730307	0.6709279	2.284431E-08	0.1888217	0.3947114	0.0004125146	0.005926577	85.11977	0.04649677	0.002027329	0.06176076	0.04602875	0.001947016	2.034453	0.006747826	1.314301	0.005072268	0.2064382	0.001026949	0.004136056	5.473438E-05	0.6038617	0.0007435775	0.7161623						
CKbyEmotion	20191217	S135-surprise	0	MALE	FaceRecording-1	TestImage	AffRaw	20191217_194828593	400			4	1	640	490	8	0	34	4.764142	8.796048E-05	41.27007	0.0006640761	0.01429359	0	98.36729	133.1867	-17.07627	1.507672	1.390899	0.638656	2.559482E-08	0.2403712	0.6154374	0.0002922554	0.00364485	90.29649	0.04784858	0.001585248	0.06205504	0.05959067	0.001765747	2.260979	0.006931114	1.406799	0.005231799	0.2104489	0.0009582194	0.002975909	6.180843E-05	0.5835265	0.0005709362	0.7986234						
CKbyEmotion	20191217	S135-surprise	0	MALE	FaceRecording-1	TestImage	AffRaw	20191217_194828633	440			4	1	640	490	9	0	34	6.102626	8.954859E-05	45.90657	0.0006220134	0.01279766	0	98.43134	132.1856	-17.79176	1.304328	1.254938	0.670087	3.915859E-08	0.3326684	0.8522477	0.0002497707	0.00350952	91.59991	0.05128383	0.001325628	0.08817808	0.06946761	0.00187331	2.355211	0.006500436	1.352898	0.005406086	0.215804	0.0009307067	0.00252531	7.701798E-05	0.5771741	0.0005176831	1.172659						
CKbyEmotion	20191217	S135-surprise	0	MALE	FaceRecording-1	TestImage	AffRaw	20191217_194828673	480			4	1	640	490	10	0	34	8.13795	9.544349E-05	52.04597	0.0006019443	0.01154566	0	98.27071	133.8736	-17.33713	1.799934	0.8648478	0.6518274	3.292331E-08	0.3855422	1.090396	0.0001698041	0.002572593	93.00843	0.05311769	0.001010955	0.0941565	0.08623123	0.00207983	2.449266	0.005836079	1.246579	0.005742515	0.2241933	0.0009178597	0.001975026	7.792599E-05	0.555868	0.0004288712	1.390042						
CKbyEmotion	20191217	S135-surprise	0	MALE	FaceRecording-1	TestImage	AffRaw	20191217_194828713	520			4	1	640	490	11	0	34	8.965339	8.373571E-05	55.61794	0.0006851612	0.009787609	0	98.66199	133.7207	-17.64613	0.4973876	1.568685	0.6560003	2.36731E-08	0.4051066	1.206501	0.0001501231	0.003430465	94.19404	0.05517459	0.0008727068	0.131728	0.09604302	0.002128046	2.517467	0.005647278	1.243999	0.005731398	0.2277171	0.0007821704	0.002028616	8.438305E-05	0.5448399	0.0004207658	2.281154						
CKbyEmotion	20191217	S135-surprise	0	MALE	FaceRecording-1	TestImage	AffRaw	20191217_194828753	560			4	1	640	490	12	0	34	10.32666	7.74417E-05	59.00312	0.0007824554	0.009135033	0	98.37492	134.0774	-17.50571	1.483848	2.265859	0.6521829	2.41337E-08	0.6877512	2.139789	0.0001428992	0.002919198	94.77066	0.0616727	0.0007868676	0.1700595	0.109602	0.002311462	2.705933	0.005219758	1.188018	0.005793675	0.2335999	0.0007621653	0.001813885	9.03006E-05	0.5314118	0.0003721014	3.317574						
CKbyEmotion	20191217	S135-surprise	0	MALE	FaceRecording-1	TestImage	AffRaw	20191217_194828793	600			4	1	640	490	13	0	34	10.17871	9.998024E-05	62.09821	0.0008793214	0.009212075	0	98.57327	133.782	-17.25747	0.8229412	0.9708992	0.6485909	2.986721E-08	0.8629333	2.894626	7.053428E-05	0.002546257	96.73335	0.06276739	0.0006316204	0.2665196	0.1155533	0.002140686	2.931182	0.005462078	1.322042	0.005300588	0.2329492	0.0007978727	0.001075183	0.0001232435	0.5253713	0.0003409275	5.83632						
CKbyEmotion	20191217	S135-surprise	0	MALE	FaceRecording-1	TestImage	AffRaw	20191217_194828833	640			4	1	640	490	14	0	34	8.89388	0.0001327496	62.3449	0.001011303	0.01057809	0	98.37	133.0835	-16.80353	1.499205	2.548103	0.6076676	3.828367E-08	1.247649	4.825758	4.040675E-05	0.002124327	98.1651	0.05977648	0.0005295766	0.3471369	0.1089097	0.001848235	3.355445	0.006099309	1.568652	0.004580307	0.2273913	0.0009052875	0.0007086187	0.0001592581	0.494428	0.0002745429	8.910023						
CKbyEmotion	20191217	S135-surprise	0	MALE	FaceRecording-1	TestImage	AffRaw	20191217_194828873	680			4	1	640	490	15	0	34	7.507924	0.0001661337	60.76699	0.001108077	0.0108409	0	98.21009	132.5497	-16.92016	1.975274	2.62068	0.533541	5.107117E-08	1.011335	4.25823	2.549482E-05	0.002993562	98.61747	0.05819589	0.0004178827	0.5260676	0.09862958	0.001632701	3.239782	0.006733889	1.94124	0.003553001	0.2215642	0.0008975044	0.0005535314	0.0001624091	0.4563811	0.000263619	15.1059						
CKbyEmotion	20191217	S135-surprise	0	MALE	FaceRecording-1	TestImage	AffRaw	20191217_194828913	720			4	1	640	490	16	0	34	4.956513	0.0003564752	55.21368	0.001340528	0.0100904	0	98.25961	132.441	-15.89464	1.832477	2.660533	0.3891468	5.696096E-08	0.3192906	2.076849	2.406547E-05	0.005139411	97.97379	0.0754032	0.0003562128	0.7079079	0.07813259	0.001364412	2.76543	0.007864123	2.497275	0.002650267	0.2112466	0.0007770538	0.0004554602	0.0002916869	0.3533432	0.0002508683	21.2781						
CKbyEmotion	20191217	S135-surprise	0	MALE	FaceRecording-1	TestImage	AffRaw	20191217_194828953	760			4	1	640	490	17	0	34	3.39205	0.001543709	52.71513	0.001748738	0.008238993	0	98.02336	133.9757	-14.64116	2.48096	2.801004	0.2606038	2.003843E-08	0.04731196	0.6119365	2.394697E-05	0.00564843	98.12991	0.08220118	0.0002540392	0.9052689	0.06888207	0.001196861	2.554617	0.008733794	3.416924	0.00171754	0.2051788	0.0005697645	0.0004266292	0.0005896952	0.2263494	0.0002426204	32.66586						
CKbyEmotion	20191217	S135-surprise	0	MALE	FaceRecording-1	TestImage	AffRaw	20191217_194828993	800			4	1	640	490	18	0	34	2.482424	0.004985811	51.99145	0.002304823	0.006728632	0	97.95376	133.6138	-14.42404	2.657553	3.016107	0.1997781	5.467744E-09	0.008829719	0.2264401	2.446194E-05	0.006705093	98.63337	0.07930592	0.0002243071	1.089056	0.06486449	0.001094863	2.529946	0.009351412	4.339142	0.001228279	0.2017382	0.0004116268	0.0003736333	0.001375649	0.1551091	0.0002185213	41.786						
CKbyEmotion	20191217	S135-surprise	0	MALE	FaceRecording-1	TestImage	AffRaw	20191217_194829033	840			4	1	640	490	19	0	34	1.533887	0.01862046	50.73785	0.002953678	0.005360383	0	98.39404	132.6688	-13.13365	1.423692	1.861357	0.1496056	2.830845E-09	0.0006310426	0.03775297	2.386485E-05	0.01380681	98.87933	0.08877808	0.0001995207	1.381104	0.06037191	0.001007564	2.520422	0.00998824	5.80079	0.0007929746	0.1982088	0.0002739432	0.0003805638	0.003132516	0.1069683	0.0002161437	53.93389						
CKbyEmotion	20191217	S135-surprise	0	MALE	FaceRecording-1	TestImage	AffRaw	20191217_194829073	880			4	1	640	490	20	0	34	0.8944352	0.06767407	49.63057	0.003600413	0.004293614	0	98.60184	132.1697	-12.47341	0.7203242	1.748887	0.1105925	4.906398E-09	3.30964E-05	0.004520295	2.479924E-05	0.0237818	98.89867	0.09660117	0.0001764057	1.518523	0.05711807	0.0009559148	2.51799	0.01040027	6.910095	0.0006071609	0.1958663	0.0001827045	0.000373375	0.006522473	0.07112998	0.0002092517	61.2478						
CKbyEmotion	20191217	S135-surprise	0	MALE	FaceRecording-1	TestImage	AffRaw	20191217_194829113	920			4	1	640	490	21	0	34	0.5986927	0.2361736	49.71594	0.004314115	0.003229319	0	98.77081	133.3039	-12.58818	0.06776629	1.659515	0.08749402	1.356763E-09	1.696216E-06	0.0004844797	2.652377E-05	0.02632883	99.24223	0.08469562	0.0001583284	1.835644	0.05584345	0.0009186916	2.533121	0.01060944	8.414273	0.0004441185	0.1948005	0.0001120031	0.0004262379	0.01791887	0.04805839	0.0002080494	70.18911						
CKbyEmotion	20191217	S135-surprise	0	MALE	FaceRecording-1	TestImage	AffRaw	20191217_194829153	960			4	1	640	490	22	0	34	0.402974	0.7926167	50.61949	0.005084055	0.002517337	0	98.38471	132.3665	-12.58113	-1.45314	1.835989	0.06112052	5.266244E-10	1.028905E-07	6.900688E-05	2.554359E-05	0.02139275	99.55431	0.07848014	0.0001323548	1.795295	0.05385551	0.0008813969	2.547261	0.01061112	9.379118	0.0003849242	0.1940981	7.090947E-05	0.0004517814	0.04315848	0.03002017	0.0001860023	73.79185						
CKbyEmotion	20191217	S135-surprise	0	MALE	FaceRecording-1	TestImage	AffRaw	20191217_194829193	1000			4	1	640	490	23	0	34	0.2774531	2.37931	53.51669	0.006084703	0.002072569	0	98.49022	132.3528	-13.30799	-1.110018	1.056509	0.05102881	1.180069E-09	1.662519E-08	1.854443E-05	2.83058E-05	0.0366818	99.59328	0.07822482	0.0001285901	2.192888	0.04890705	0.0008359526	2.549096	0.01016378	11.32479	0.0002980975	0.1936491	4.94384E-05	0.0006719212	0.09365433	0.0209493	0.0002076461	79.89531						
CKbyEmotion	20191217	S135-surprise	0	MALE	FaceRecording-1	TestImage	AffRaw	20191217_194829233	1040			4	1	640	490	24	0	34	0.2168095	5.832774	59.84312	0.007333207	0.001777443	0	98.57893	133.0309	-12.50515	0.8027778	1.996883	0.03999894	8.221118E-10	6.420434E-09	8.299675E-06	2.760415E-05	0.04508061	99.75228	0.06721728	0.0001177727	2.276569	0.04046666	0.0007552842	2.556336	0.00913972	13.79344	0.0002496673	0.1934335	3.547574E-05	0.0006552468	0.2277341	0.01469841	0.0001922819	82.09663						
CKbyEmotion	20191217	S135-surprise	0	MALE	FaceRecording-1	TestImage	AffRaw	20191217_194829273	1080			4	1	640	490	25	0	34	0.1739948	13.33322	71.96051	0.008784561	0.001660026	0	98.75087	133.3018	-12.50117	-0.1492354	1.7629	0.03267362	2.974007E-10	3.173033E-09	4.432855E-06	2.709627E-05	0.05976386	99.86182	0.05512988	0.0001008889	2.488414	0.02679494	0.0006156515	2.561326	0.007184711	20.36702	0.0001729815	0.1932799	2.804449E-05	0.0008352569	0.5082966	0.009211284	0.0002058016	86.39925						
CKbyEmotion	20191217	S135-surprise	0	MALE	FaceRecording-1	TestImage	AffRaw	20191217_194829313	1120			4	1	640	490	26	0	34	0.1415939	32.11022	90.77322	0.01143431	0.001277774	0	98.51104	134.6598	-12.28167	-1.039569	1.860631	0.02633355	1.06086E-10	3.828957E-09	4.83801E-06	3.341191E-05	0.06354692	99.89734	0.06004454	7.946762E-05	3.467541	0.009528499	0.0003753243	2.56299	0.003896863	42.616	8.094896E-05	0.1931678	1.922889E-05	0.001222878	1.15207	0.006489684	0.0001606327	92.29842						
CKbyEmotion	20191217	S135-surprise	0	MALE	FaceRecording-1	TestImage	AffRaw	20191217_194829353	1160			4	1	640	490	27	0	34	0.1039943	61.55246	98.77811	0.01526316	0.001133554	0	98.50044	133.2351	-10.7177	1.075549	2.219072	0.02284899	1.160766E-10	6.598982E-09	6.655011E-06	4.828321E-05	0.123334	99.94219	0.06618091	5.628951E-05	5.624835	0.001884105	0.0001704004	2.565043	0.001491653	78.21237	3.034273E-05	0.1930335	1.407594E-05	0.001835044	2.596469	0.004388645	0.0001364684	96.58627						
CKbyEmotion	20191217	S135-surprise	0	MALE	FaceRecording-1	TestImage	AffRaw	20191217_194829393	1200			4	1	640	490	28	0	34	0.08636304	85.2086	99.77271	0.02139198	0.0008208259	0	98.39883	134.3689	-9.068302	-1.408564	0.1220044	0.02196325	1.91924E-10	9.666695E-09	8.396115E-06	7.117919E-05	0.1931808	99.97315	0.06369463	4.171904E-05	7.430614	0.000512704	8.374826E-05	2.566426	0.0006889115	92.62117	1.846165E-05	0.1929741	8.377368E-06	0.002197852	6.062368	0.003272124	0.0001086548	98.21313						
CKbyEmotion	20191217	S135-surprise	0	MALE	FaceRecording-1	TestImage	AffRaw	20191217_194829433	1240			4	1	640	490	29	0	34	0.06398082	95.58504	99.89169	0.02618029	0.0006206387	0	98.63224	134.7024	-6.552669	0.608864	1.224832	0.02770279	1.199418E-10	1.943022E-08	1.257448E-05	0.0001213235	0.3047741	99.98997	0.05166912	3.046647E-05	11.21589	0.000289295	5.827667E-05	2.567174	0.000491401	95.68536	1.706476E-05	0.1928959	5.110045E-06	0.002636767	9.050934	0.002886089	9.801999E-05	99.14127						
CKbyEmotion	20191217	S135-surprise	0	MALE	FaceRecording-1	TestImage	AffRaw	20191217_194829473	1280			4	1	640	490	30	0	34	0.03900294	98.98559	99.91504	0.03095655	0.0005417417	0	98.61247	132.8435	-6.608987	0.681617	1.509204	0.03524284	1.644672E-10	2.640199E-08	1.802297E-05	0.0002847664	0.3907632	99.99356	0.05148646	2.289561E-05	14.2261	0.0002394013	5.016046E-05	2.567291	0.0004403884	96.42928	1.814505E-05	0.1928068	3.747756E-06	0.003145073	10.91574	0.002769592	8.150934E-05	99.47021						
CKbyEmotion	20191217	S135-surprise	0	MALE	FaceRecording-1	TestImage	AffRaw	20191217_194829513	1320			4	1	640	490	31	0	34	0.03115329	99.70251	99.91929	0.03512983	0.0004845329	0	98.75939	135.2536	-5.639989	0.1145797	1.139122	0.04534242	1.091527E-10	6.979842E-08	3.684843E-05	0.0007429296	0.639654	99.99551	0.04942255	1.834594E-05	20.94573	0.000229914	4.234114E-05	2.567285	0.0004304085	96.71445	2.732921E-05	0.1927792	2.884134E-06	0.00381602	15.34122	0.002803973	7.917527E-05	99.73822						
CKbyEmotion	20191217	S135-surprise	0	MALE	FaceRecording-1	TestImage	AffRaw	20191217_194829553	1360			4	1	640	490	32	0	34	0.0196232	99.93497	99.92062	0.04484139	0.0004690301	0	98.15936	133.0335	-4.25345	2.117589	1.21742	0.06458185	1.481553E-10	7.798749E-08	4.610267E-05	0.002290476	1.074684	99.99606	0.05249678	1.601418E-05	27.53436	0.0002265979	3.712776E-05	2.56712	0.0004274722	96.87022	3.862356E-05	0.1927378	2.285698E-06	0.004953338	18.90971	0.002801741	7.163902E-05	99.82732						
CKbyEmotion	20191217	S135-surprise	0	MALE	FaceRecording-1	TestImage	AffRaw	20191217_194829593	1400			4	1	640	490	33	0	34	0.01215272	99.98466	99.92091	0.05387243	0.0004654858	0	98.16171	133.8128	-4.879429	2.111114	-0.01054279	0.09566137	4.348957E-10	8.998315E-08	5.409444E-05	0.005139916	1.835989	99.99595	0.04471587	1.468762E-05	37.89251	0.000225551	3.416689E-05	2.56677	0.0004269853	96.94968	4.756354E-05	0.1927109	1.976787E-06	0.006262062	21.03583	0.003256636	7.189486E-05	99.9134						
CKbyEmotion	20191217	S135-surprise	0	MALE	FaceRecording-1	TestImage	AffRaw	20191217_194829633	1440			4	1	640	490	34	0	34	0.007656084	99.99676	99.92097	0.06868149	0.0004338069	0	97.24516	132.1909	-4.259274	4.180608	-0.9029974	0.1562333	8.089603E-10	7.624633E-08	5.235758E-05	0.01156429	2.909219	99.99548	0.045875	1.402393E-05	44.11785	0.0002247548	3.60412E-05	2.565989	0.0004269361	96.89732	3.879747E-05	0.1926951	1.52583E-06	0.008183328	19.00744	0.004098023	7.010307E-05	99.94595						
CKbyEmotion	20191217	S135-surprise	0	MALE	FaceRecording-1	TestImage	AffRaw	20191217_194829673	1480			4	1	640	490	35	0	34	0.004604714	99.99921	99.92097	0.08097228	0.000400072	0	97.09602	131.126	-4.059673	4.451903	-1.576274	0.2792832	2.079069E-09	9.673543E-08	6.780434E-05	0.0240343	2.699956	99.99428	0.04357639	1.240191E-05	53.70001	0.000223521	3.80175E-05	2.564464	0.0004269752	96.86937	3.42458E-05	0.1926846	1.147006E-06	0.008497749	17.7522	0.005070382	6.731564E-05	99.97388						
CKbyEmotion	20191217	S135-surprise	0	MALE	FaceRecording-1	TestImage	AffRaw	20191217_194829713	1520			4	1	640	490	36	0	34	0.002800624	99.99977	99.92097	0.09068396	0.0003701555	0	98.01169	132.7593	-4.833319	2.510996	-1.762108	0.3943653	7.441639E-10	1.731103E-07	0.0001171956	0.04148898	3.669815	99.99232	0.03630941	1.259757E-05	60.67705	0.0002224153	3.814075E-05	2.562285	0.0004270007	96.86639	3.309397E-05	0.1926785	9.123355E-07	0.008445852	17.39641	0.006675694	6.267822E-05	99.98327						
CKbyEmotion	20191217	S135-surprise	0	MALE	FaceRecording-1	TestImage	AffRaw	20191217_194829753	1560			4	1	640	490	37	0	34	0.002105325	99.99994	99.92095	0.09920006	0.000379384	0	97.7252	132.7892	-3.954646	3.198664	-1.497633	0.5699451	3.737048E-10	5.299534E-07	0.0002412131	0.0792762	4.243566	99.99078	0.0343095	1.150284E-05	68.38974	0.0002207827	4.013312E-05	2.557643	0.0004270061	96.83257	2.862446E-05	0.1926758	8.114789E-07	0.009809369	15.92047	0.008039837	6.344033E-05	99.99078						
CKbyEmotion	20191217	S135-surprise	0	MALE	FaceRecording-1	TestImage	AffRaw	20191217_194829793	1600			4	1	640	490	38	0	34	0.001509351	99.99998	99.92093	0.1093021	0.0003613482	0	98.34576	131.0704	-4.574179	1.574282	-2.021645	0.7635422	1.115953E-09	5.984589E-07	0.0002840173	0.1237026	3.311838	99.98637	0.03410399	1.122406E-05	69.43696	0.000218999	4.416433E-05	2.552113	0.0004269865	96.7817	2.343491E-05	0.1926739	6.609608E-07	0.00930001	13.89048	0.01109376	5.799237E-05	99.993						
