#Study : ck_happy
#Date : 20201109 13:28:55
#Version : 7.2.17995.2
#TestRunDate : 20201109 13:22:17.121 (+02:00)

StudyName	ExportDate	Name	Age	Gender	StimulusName	SlideType	EventSource	Timestamp	MediaTime	PostMarker	Annotation	version	Number of faces	width	height	FrameIndex	faceid	#classifiers	Brow Furrow	Brow Raise	Engagement	Lip Corner Depressor	Smile	Valence	Attention	Interocular Distance	Pitch	Yaw	Roll	InnerBrowRaise	EyeClosure	NoseWrinkle	UpperLipRaise	LipSuck	LipPress	MouthOpen	ChinRaise	Smirk	LipPucker	Anger	Sadness	Disgust	Joy	Surprise	Fear	Contempt	Cheek Raise	Dimpler	Eye Widen	Lid Tighten	Lip Stretch	Jaw Drop	LiveMarker	KeyStroke	MarkerText	SceneType	SceneOutput	SceneParent
ck_happy	20201109	S135-happy	0	MALE	FaceRecording-1	TestImage	AffRaw	20201109_132217201	80			4	1	640	490	0	0	34	0.2769096	5.978476E-06	0.08452982	0.0004851076	0.03294823	0	98.75972	134.5732	-17.31875	-0.1132545	0.08595397	0.5723915	1.287594E-09	0.0005938307	6.540473E-05	0.02227857	0.01821984	0.6734293	0.1065851	0.003976665	0.007492342	0.00204935	0.02485263	0.4297878	0.001828191	0.1950242	0.004612111	0.1932789	0.0007136263	0.0126435	1.519598E-05	0.3694783	0.001631177	0.02403746						
ck_happy	20201109	S135-happy	0	MALE	FaceRecording-1	TestImage	AffRaw	20201109_132217241	120			4	1	640	490	1	0	34	0.3958215	5.984911E-06	0.08542585	0.0004776013	0.03495494	0	98.44445	135.9517	-19.8161	1.2617	0.6367823	0.7004123	1.106545E-09	0.00180506	0.0002179329	0.03095433	0.04066192	0.7022677	0.1036043	0.002915999	0.006602173	0.002063074	0.02524932	0.4298331	0.001815563	0.1943473	0.0046369	0.1936586	0.0009762381	0.01672765	1.553772E-05	0.3949057	0.002124313	0.04251417						
ck_happy	20201109	S135-happy	0	MALE	FaceRecording-1	TestImage	AffRaw	20201109_132217281	160			4	1	640	490	2	0	34	0.3222628	4.138817E-06	0.08479341	0.0004616718	0.07675557	0	98.08273	133.6465	-20.75168	2.325465	0.4695582	0.6525569	3.054691E-09	0.001528027	0.0001770391	0.02964914	0.03893991	0.6717069	0.118116	0.003033262	0.006154235	0.002057714	0.02498752	0.4284528	0.001835828	0.1948272	0.004610738	0.1927904	0.001951797	0.01804678	1.847752E-05	0.5017056	0.002474541	0.03144398						
ck_happy	20201109	S135-happy	0	MALE	FaceRecording-1	TestImage	AffRaw	20201109_132217321	200			4	1	640	490	3	0	34	0.1497895	2.777674E-06	0.08449856	0.0002962924	0.4316276	0	98.49963	132.6758	-17.82712	1.078299	0.5910086	0.7025966	5.023669E-09	0.001031599	8.983265E-05	0.06463973	0.05863045	0.7953717	0.2435009	0.01057846	0.005519471	0.001985825	0.02404892	0.4188912	0.001972105	0.1976493	0.004481374	0.1872812	0.009134955	0.02740713	2.338831E-05	0.5103453	0.004810154	0.02988931						
ck_happy	20201109	S135-happy	0	MALE	FaceRecording-1	TestImage	AffRaw	20201109_132217361	240			4	1	640	490	4	0	34	0.1529779	2.517108E-06	0.0953574	0.0001983428	1.319623	0	98.51772	135.4656	-18.27256	1.01669	-0.2592325	0.6664432	3.020047E-09	0.00220187	0.0001924811	0.08013025	0.1000764	1.86069	0.4236749	0.0224845	0.01020389	0.001941429	0.02180807	0.4027479	0.002324644	0.2028358	0.004220674	0.1754677	0.02978426	0.04679488	2.18346E-05	0.4964659	0.01084497	0.04170648						
ck_happy	20201109	S135-happy	0	MALE	FaceRecording-1	TestImage	AffRaw	20201109_132217401	280			4	1	640	490	5	0	34	0.05481106	1.224256E-06	0.166516	0.0001687166	5.226825	0	98.40039	133.5664	-15.69786	-1.403578	-0.1428013	0.7718526	2.611276E-09	0.0005611629	2.935382E-05	0.1074574	0.1932404	2.341431	0.6464835	0.04285932	0.01623268	0.001501239	0.01650204	0.3144377	0.004473057	0.2070195	0.003247961	0.1309983	0.0813436	0.09141197	2.577759E-05	0.4942735	0.04096985	0.06376529						
ck_happy	20201109	S135-happy	0	MALE	FaceRecording-1	TestImage	AffRaw	20201109_132217441	320			4	1	640	490	6	0	34	0.02418405	7.555524E-07	0.5901846	9.138743E-05	14.11401	8.393993	98.76007	133.3043	-16.91309	0.1118259	0.5571436	0.8136114	2.836412E-09	0.0002094578	7.01788E-06	0.1438348	0.4160981	2.997799	0.8247058	0.06366958	0.01476601	0.000846092	0.008893909	0.177794	0.01941658	0.2109891	0.001798343	0.06741848	0.1920688	0.1440682	3.116965E-05	0.5236318	0.1027318	0.06133193						
ck_happy	20201109	S135-happy	0	MALE	FaceRecording-1	TestImage	AffRaw	20201109_132217481	360			4	1	640	490	7	0	34	0.01376956	6.239151E-07	5.397134	8.451053E-05	29.95326	24.97237	98.30289	132.9565	-15.85618	-1.70434	0.5922603	0.8219841	9.67732E-09	7.746948E-05	1.389077E-06	0.1884213	1.036375	3.998401	1.052434	0.06229203	0.01739802	0.0003039088	0.002958902	0.06413849	0.2636005	0.2165254	0.0006276091	0.02055494	0.386627	0.1941735	4.220448E-05	0.5217774	0.2503861	0.06880931						
ck_happy	20201109	S135-happy	0	MALE	FaceRecording-1	TestImage	AffRaw	20201109_132217521	400			4	1	640	490	8	0	34	0.008899738	5.02914E-07	50.80324	7.480774E-05	50.22492	46.29914	98.52621	133.2199	-16.45849	-0.987574	0.9978341	0.8365852	1.556181E-08	2.127174E-05	1.941826E-07	0.2080384	1.925613	5.900695	1.06831	0.05432444	0.01861592	8.382305E-05	0.0007085369	0.01760743	7.019068	0.2271527	0.0001634296	0.004490435	0.7394025	0.2037063	4.539909E-05	0.5423262	0.4752484	0.06278421						
ck_happy	20201109	S135-happy	0	MALE	FaceRecording-1	TestImage	AffRaw	20201109_132217561	440			4	1	640	490	9	0	34	0.006624353	5.555581E-07	87.19572	7.011899E-05	63.42863	59.76607	98.54185	134.6798	-16.11875	-0.9334093	1.322383	0.8029161	6.193485E-09	1.033552E-05	5.724196E-08	0.2487831	3.889727	7.455675	1.289013	0.04080412	0.02119549	3.663098E-05	0.0002691573	0.007617574	40.25779	0.2360686	6.845693E-05	0.001665658	1.154266	0.2037471	4.89222E-05	0.5300507	0.9202351	0.07535378						
ck_happy	20201109	S135-happy	0	MALE	FaceRecording-1	TestImage	AffRaw	20201109_132217601	480			4	1	640	490	10	0	34	0.004474593	5.634174E-07	95.05144	5.043926E-05	70.68725	67.50004	98.38845	134.2292	-16.16908	-1.441367	1.310115	0.7635819	3.635085E-09	5.373176E-06	2.085902E-08	0.2732491	4.527111	9.234968	1.300481	0.0272369	0.02107365	2.398811E-05	0.0001542023	0.004886836	69.54086	0.246626	4.236457E-05	0.000964978	1.733742	0.1633504	5.528828E-05	0.5261099	1.112013	0.07695074						
ck_happy	20201109	S135-happy	0	MALE	FaceRecording-1	TestImage	AffRaw	20201109_132217641	520			4	1	640	490	11	0	34	0.003572351	5.646783E-07	98.4165	4.838536E-05	78.90702	76.22487	98.57828	133.1393	-15.78643	-0.8051031	1.972021	0.7563027	6.740902E-09	1.522536E-06	3.307006E-09	0.3454361	5.165808	11.53363	1.525914	0.02146695	0.02101296	1.498639E-05	8.155334E-05	0.002964868	90.13607	0.2611425	2.486884E-05	0.0005206071	2.470995	0.153873	6.295541E-05	0.5404778	1.727121	0.07512294						
ck_happy	20201109	S135-happy	0	MALE	FaceRecording-1	TestImage	AffRaw	20201109_132217681	560			4	1	640	490	12	0	34	0.003706106	7.870495E-07	98.96652	4.393123E-05	81.93297	79.7859	98.69855	132.9213	-16.09486	-0.3570446	1.934396	0.6902615	3.658134E-09	4.167779E-06	1.091422E-08	0.431552	4.785943	15.52921	1.578915	0.02479674	0.02058955	1.4026E-05	5.837245E-05	0.002604379	94.15981	0.288096	2.032927E-05	0.0004150535	3.080183	0.1222116	7.018362E-05	0.5315107	1.773779	0.07197271						
ck_happy	20201109	S135-happy	0	MALE	FaceRecording-1	TestImage	AffRaw	20201109_132217721	600			4	1	640	490	13	0	34	0.003285669	9.628834E-07	99.11716	3.152871E-05	83.04649	81.25468	98.66742	133.4535	-15.5937	-0.4768167	2.021953	0.6940938	2.171287E-09	9.858421E-06	3.020775E-08	0.6514903	4.153273	25.98726	2.147825	0.04321002	0.01999006	1.847523E-05	3.851743E-05	0.002896918	95.90116	0.373968	1.917851E-05	0.0003825433	3.88236	0.1525249	8.419704E-05	0.5584322	2.422565	0.08121004						
ck_happy	20201109	S135-happy	0	MALE	FaceRecording-1	TestImage	AffRaw	20201109_132217761	640			4	1	640	490	14	0	34	0.002954109	1.13218E-06	99.47492	2.88463E-05	86.70882	85.53899	98.68684	134.348	-14.89212	-0.4024469	2.154194	0.6604985	1.907148E-09	1.805987E-05	6.614081E-08	0.9349506	3.528139	44.41314	2.67021	0.06311243	0.01871669	2.678761E-05	1.638209E-05	0.003142594	98.34868	0.5911786	1.504529E-05	0.0002912777	4.947588	0.1436892	9.790414E-05	0.5603454	2.511573	0.08799105						
ck_happy	20201109	S135-happy	0	MALE	FaceRecording-1	TestImage	AffRaw	20201109_132217801	680			4	1	640	490	15	0	34	0.003090276	1.165805E-06	99.5961	2.589966E-05	88.55404	87.66312	98.61497	131.2741	-15.70195	-0.6725027	0.6187916	0.657214	1.915387E-09	4.988421E-05	2.224808E-07	1.201215	3.513351	59.03054	3.148123	0.1113284	0.01941402	3.856503E-05	8.859814E-06	0.003586072	99.05725	0.8501821	1.368867E-05	0.0002549356	5.892192	0.1602005	0.000115679	0.5608568	3.69287	0.1169639						
ck_happy	20201109	S135-happy	0	MALE	FaceRecording-1	TestImage	AffRaw	20201109_132217841	720			4	1	640	490	16	0	34	0.002926537	1.064472E-06	99.6383	1.898121E-05	89.32937	89.79517	98.73999	132.9659	-15.61644	-0.1931277	1.050743	0.6303663	2.302163E-09	7.088744E-05	2.926703E-07	0.9811332	2.025026	71.66803	2.704996	0.1593731	0.0191858	5.59031E-05	5.6704E-06	0.004335748	99.33819	1.162517	1.295254E-05	0.0002417645	7.351622	0.1275855	0.0001232689	0.5730314	3.609941	0.148822						
ck_happy	20201109	S135-happy	0	MALE	FaceRecording-1	TestImage	AffRaw	20201109_132217881	760			4	1	640	490	17	0	34	0.002801792	1.116381E-06	99.70247	1.816744E-05	90.70106	91.87589	98.64976	131.8756	-15.71894	-0.5435507	0.4516058	0.6474548	1.548272E-09	0.0001167303	5.243911E-07	1.079336	1.507493	76.97786	2.526862	0.2277837	0.01988448	6.09008E-05	4.370761E-06	0.004344389	99.51904	1.327221	1.21701E-05	0.0002197199	8.397581	0.103737	0.0001574072	0.5890418	4.835518	0.2024577						
ck_happy	20201109	S135-happy	0	MALE	FaceRecording-1	TestImage	AffRaw	20201109_132217921	800			4	1	640	490	18	0	34	0.002645994	1.157527E-06	99.73965	1.782914E-05	91.63801	93.59628	98.66302	131.1423	-15.71445	-0.4935209	0.1121906	0.6017233	2.205455E-09	0.000180371	1.022046E-06	1.102721	0.8264994	83.98274	2.12021	0.2956584	0.01933116	7.251459E-05	3.276822E-06	0.004635931	99.63632	1.577585	1.131532E-05	0.0002062917	9.282779	0.065994	0.0001940774	0.6213741	4.527001	0.2589957						
ck_happy	20201109	S135-happy	0	MALE	FaceRecording-1	TestImage	AffRaw	20201109_132217961	840			4	1	640	490	19	0	34	0.002478055	1.244078E-06	99.7831	1.785511E-05	92.91949	95.67068	98.37481	133.9298	-15.44387	-1.484187	0.8975255	0.5732393	1.234722E-09	0.0001063663	4.718919E-07	1.047001	0.6898786	89.67226	1.893679	0.3645079	0.01980999	8.050428E-05	2.492E-06	0.004740472	99.73383	1.81655	1.064874E-05	0.0001887631	10.63896	0.04642354	0.0002006877	0.6039811	5.654623	0.3488264						
