#Study : CKbyEmotion
#Date : 20191217 17:25:43
#Version : 7.2.15327.0
#TestRunDate : 20191217 16:29:46.680 (+02:00)

StudyName	ExportDate	Name	Age	Gender	StimulusName	SlideType	EventSource	Timestamp	MediaTime	PostMarker	Annotation	version	Number of faces	width	height	FrameIndex	faceid	#classifiers	Brow Furrow	Brow Raise	Engagement	Lip Corner Depressor	Smile	Valence	Attention	Interocular Distance	Pitch	Yaw	Roll	InnerBrowRaise	EyeClosure	NoseWrinkle	UpperLipRaise	LipSuck	LipPress	MouthOpen	ChinRaise	Smirk	LipPucker	Anger	Sadness	Disgust	Joy	Surprise	Fear	Contempt	Cheek Raise	Dimpler	Eye Widen	Lid Tighten	Lip Stretch	Jaw Drop	LiveMarker	KeyStroke	MarkerText	SceneType	SceneOutput	SceneParent
CKbyEmotion	20191217	S504-contempt	0	MALE	FaceRecording-1	TestImage	AffRaw	20191217_162946760	80			4	1	720	480	0	0	34	0.1684099	0.05400451	0.08239893	0.001284493	0.03408156	0	98.38866	194.6134	2.928054	1.440713	0.9744851	3.783205	4.638657E-11	0.1637132	0.6797805	0.1852886	0.03696358	0.1322617	0.4241892	0.005403636	0.01423101	0.001797049	0.03094504	0.4404826	0.001820312	0.2073713	0.004830117	0.1928997	0.008903881	0.04180344	0.006358795	0.08017554	0.006793156	0.1015743						
CKbyEmotion	20191217	S504-contempt	0	MALE	FaceRecording-1	TestImage	AffRaw	20191217_162946800	120			4	1	720	480	1	0	34	0.04862065	0.03300413	0.08044174	0.002361111	0.02732101	0	98.55524	196.24	2.373901	0.8866436	0.1622027	3.420994	3.50215E-11	0.01800208	0.04722853	0.101491	0.03185995	0.08931021	0.2071514	0.003147562	0.01272301	0.001783575	0.03004508	0.4253151	0.00183244	0.2071674	0.004782998	0.1925191	0.003377553	0.1005741	0.01555703	0.05898243	0.007237481	0.1566966						
CKbyEmotion	20191217	S504-contempt	0	MALE	FaceRecording-1	TestImage	AffRaw	20191217_162946840	160			4	1	720	480	2	0	34	0.01541685	0.1168568	0.08030339	0.004234184	0.02632326	0	98.4585	196.9272	2.699244	1.215609	0.666017	2.709591	9.341075E-12	0.001994754	0.00553331	0.09783156	0.02991229	0.06764505	0.1147964	0.001217511	0.009695339	0.001807468	0.02855642	0.4239598	0.001830373	0.2052249	0.004710806	0.1923745	0.001881053	0.03102882	0.008002128	0.0660563	0.006058678	0.117727						
CKbyEmotion	20191217	S504-contempt	0	MALE	FaceRecording-1	TestImage	AffRaw	20191217_162946880	200			4	1	720	480	3	0	34	0.01202157	0.08172512	0.08032064	0.003572163	0.02146799	0	98.3696	197.6556	3.409553	1.500474	0.4763224	3.999314	3.66633E-12	0.001541363	0.003062114	0.1529405	0.03225577	0.04863008	0.1478382	0.002251933	0.009919349	0.001741169	0.03113951	0.4227704	0.001830798	0.2102622	0.004815075	0.1924534	0.001300513	0.02412323	0.007002239	0.06353865	0.006482719	0.1448707						
CKbyEmotion	20191217	S504-contempt	0	MALE	FaceRecording-1	TestImage	AffRaw	20191217_162946920	240			4	1	720	480	4	0	34	0.01188215	0.04775658	0.08083805	0.003826946	0.0183218	0	98.04029	195.967	3.05302	2.43708	1.607086	3.614165	5.639643E-12	0.001347407	0.00236402	0.2768779	0.04227726	0.04017439	0.1353668	0.003169908	0.009887929	0.001777218	0.03032393	0.4201975	0.001831625	0.2081274	0.004795512	0.1925169	0.001006228	0.02938944	0.006293558	0.06238163	0.008917187	0.1141246						
CKbyEmotion	20191217	S504-contempt	0	MALE	FaceRecording-1	TestImage	AffRaw	20191217_162946960	280			4	1	720	480	5	0	34	0.01391074	0.07510974	0.08200209	0.004134577	0.02263476	0	97.47395	197.8125	2.78026	3.735352	1.535328	3.654713	5.418319E-12	0.002249811	0.004080891	0.4498412	0.04512343	0.04505279	0.128372	0.005898609	0.009490892	0.001787193	0.03028695	0.4166494	0.001831198	0.2085429	0.004795278	0.1925177	0.001392179	0.02978775	0.006885513	0.06108493	0.010661	0.1048394						
CKbyEmotion	20191217	S504-contempt	0	MALE	FaceRecording-1	TestImage	AffRaw	20191217_162947000	320			4	1	720	480	6	0	34	0.01649086	0.05149071	0.08279178	0.003618321	0.01851274	0	97.84498	195.5688	3.130423	2.922083	2.255009	3.15858	7.363707E-12	0.002292097	0.003787935	0.6077505	0.04035116	0.03392617	0.1366834	0.008968291	0.008746196	0.001835135	0.02926594	0.4134527	0.001830698	0.2061302	0.004763752	0.1926492	0.001153645	0.02715626	0.009628357	0.0613106	0.01017067	0.09724101						
CKbyEmotion	20191217	S504-contempt	0	MALE	FaceRecording-1	TestImage	AffRaw	20191217_162947040	360			4	1	720	480	7	0	34	0.02207008	0.04737843	0.08454222	0.004428301	0.01502399	0	97.43754	195.422	2.207541	3.808792	1.511062	2.942033	5.525143E-12	0.00115797	0.0016363	0.9050174	0.04830392	0.02731445	0.1381821	0.01356786	0.007621861	0.00187795	0.028728	0.4074563	0.001829012	0.2050498	0.004751502	0.1928136	0.0009253841	0.02571849	0.01049005	0.06252865	0.01053828	0.08532798						
CKbyEmotion	20191217	S504-contempt	0	MALE	FaceRecording-1	TestImage	AffRaw	20191217_162947080	400			4	1	720	480	8	0	34	0.02356705	0.04715477	0.08681551	0.005496208	0.01261702	0	97.35471	195.6978	2.502661	3.972108	1.783445	2.986166	2.354741E-12	0.001121568	0.001430905	1.27704	0.05953166	0.02312093	0.1578167	0.0179436	0.009048319	0.001912047	0.02864444	0.4001532	0.001827987	0.2052083	0.004753863	0.1929432	0.0007508788	0.02401831	0.007878438	0.06406371	0.01167901	0.09151677						
