#Study : CKbyEmotion
#Date : 20191217 16:25:44
#Version : 7.2.15327.0
#TestRunDate : 20191217 16:17:22.664 (+02:00)

StudyName	ExportDate	Name	Age	Gender	StimulusName	SlideType	EventSource	Timestamp	MediaTime	PostMarker	Annotation	version	Number of faces	width	height	FrameIndex	faceid	#classifiers	Brow Furrow	Brow Raise	Engagement	Lip Corner Depressor	Smile	Valence	Attention	Interocular Distance	Pitch	Yaw	Roll	InnerBrowRaise	EyeClosure	NoseWrinkle	UpperLipRaise	LipSuck	LipPress	MouthOpen	ChinRaise	Smirk	LipPucker	Anger	Sadness	Disgust	Joy	Surprise	Fear	Contempt	Cheek Raise	Dimpler	Eye Widen	Lid Tighten	Lip Stretch	Jaw Drop	LiveMarker	KeyStroke	MarkerText	SceneType	SceneOutput	SceneParent
CKbyEmotion	20191217	S503-anger	0	MALE	FaceRecording-1	TestImage	AffRaw	20191217_161722744	80			4	1	720	480	0	0	34	94.04182	1.695588E-07	40.40997	0.004821273	6.939994E-07	-24.32838	98.02695	181.4681	-4.8607	2.471711	0.1395665	19.31187	2.983698E-11	4.67562E-06	3.911513E-09	0.00063228	0.006023852	0.5204132	0.009505719	3.182905E-07	0.01832448	2.883579	46.67756	0.4299096	3.918022E-06	0.001060331	0.2070691	1.113223	4.035237E-10	0.001599195	3.690513	1.463673	0.0003328125	0.101138						
CKbyEmotion	20191217	S503-anger	0	MALE	FaceRecording-1	TestImage	AffRaw	20191217_161722784	120			4	1	720	480	1	0	34	92.97538	2.860035E-07	38.68646	0.004148064	3.603473E-06	-26.9375	98.70633	179.5417	-6.894998	0.3266756	0.1596801	27.95527	3.136267E-11	1.395168E-05	1.4612E-08	0.0003961123	0.005822349	0.577459	0.01844749	4.566751E-07	0.01500137	3.17714	47.11736	0.4304253	4.205645E-06	0.001553006	0.9567069	1.091425	2.361743E-09	0.001429547	17.99073	3.079269	0.0002911405	0.1178014						
CKbyEmotion	20191217	S503-anger	0	MALE	FaceRecording-1	TestImage	AffRaw	20191217_161722824	160			4	1	720	480	2	0	34	89.49124	2.513154E-07	32.80522	0.003436779	3.766265E-06	-26.36555	98.07517	180.8187	-5.444255	2.345515	0.07319054	29.78814	6.540631E-11	7.044058E-06	7.319622E-09	0.0007491522	0.00492621	0.4706456	0.009465802	5.38602E-07	0.01819371	1.897446	48.14783	0.4296847	5.272687E-06	0.001877514	0.5190718	1.02311	1.937181E-09	0.001362069	12.6843	2.684251	0.0004347218	0.1072145						
CKbyEmotion	20191217	S503-anger	0	MALE	FaceRecording-1	TestImage	AffRaw	20191217_161722864	200			4	1	720	480	3	0	34	91.30496	1.598464E-07	35.87849	0.003153512	3.453457E-06	-27.49718	98.50546	181.4007	-5.917627	1.058505	0.2488979	31.26089	7.889839E-11	9.125499E-06	9.343798E-09	0.0004914127	0.005174973	0.5660437	0.01292364	5.127196E-07	0.0169479	2.053205	54.45261	0.4303471	4.690592E-06	0.00172719	0.5294703	1.058127	2.420219E-09	0.001437023	12.03414	2.794894	0.0004188625	0.1087491						
CKbyEmotion	20191217	S503-anger	0	MALE	FaceRecording-1	TestImage	AffRaw	20191217_161722904	240			4	1	720	480	4	0	34	89.00852	1.589389E-07	32.1394	0.002747148	3.884352E-06	-27.69771	98.16647	181.5396	-5.780133	2.097879	0.1161519	34.14216	3.121347E-11	1.028559E-05	1.141777E-08	0.0004159078	0.004333082	0.5282487	0.01283201	6.522356E-07	0.02133319	2.226663	45.74532	0.4300262	5.44764E-06	0.002344045	1.547245	1.013986	2.6788E-09	0.001439292	23.14295	2.298117	0.0004529751	0.1004582						
CKbyEmotion	20191217	S503-anger	0	MALE	FaceRecording-1	TestImage	AffRaw	20191217_161722944	280			4	1	720	480	5	0	34	84.59057	4.156805E-07	25.65453	0.003295406	6.330194E-06	-25.5104	98.31547	178.5758	-5.691967	1.666533	0.2755786	32.20158	2.701198E-11	1.582459E-05	2.14366E-08	0.0004890555	0.004437699	0.5133902	0.01211328	7.054164E-07	0.01746892	1.714595	33.89986	0.4299304	7.272416E-06	0.00297114	1.445672	0.9341278	4.544241E-09	0.0013622	24.25137	2.302112	0.0005005599	0.1052151						
CKbyEmotion	20191217	S503-anger	0	MALE	FaceRecording-1	TestImage	AffRaw	20191217_161722984	320			4	1	720	480	6	0	34	80.25422	3.814935E-07	20.20522	0.003707471	5.736934E-06	-22.78996	98.62511	182.9691	-4.782395	0.6352514	0.08514029	28.63182	3.896066E-11	1.314296E-05	1.897111E-08	0.0005043752	0.003823152	0.5165435	0.01046776	7.272328E-07	0.02158527	1.748857	18.338	0.4299431	9.659852E-06	0.003885534	2.559168	0.8618113	4.104433E-09	0.001147441	32.12811	2.430203	0.0004440054	0.1398274						
CKbyEmotion	20191217	S503-anger	0	MALE	FaceRecording-1	TestImage	AffRaw	20191217_161723024	360			4	1	720	480	7	0	34	78.95284	4.016001E-07	18.85972	0.003449499	7.935436E-06	-21.67892	98.57097	181.2143	-6.084429	0.8311282	-0.1703972	26.70303	2.21216E-11	1.688636E-05	2.734065E-08	0.0004609846	0.003884915	0.6190452	0.01179804	6.219107E-07	0.01989988	1.389203	17.74888	0.4307148	1.053838E-05	0.00382845	1.359315	0.8412114	5.477263E-09	0.001150278	26.43494	2.175271	0.0003897444	0.1428344						
CKbyEmotion	20191217	S503-anger	0	MALE	FaceRecording-1	TestImage	AffRaw	20191217_161723064	400			4	1	720	480	8	0	34	71.95808	7.5808E-07	12.32288	0.003155402	1.379229E-05	-17.84026	98.49744	181.6577	-6.748156	1.085718	-0.3712114	22.54201	8.193219E-11	2.116384E-05	4.062912E-08	0.0005066758	0.003994379	0.571066	0.0103988	6.51896E-07	0.0195766	0.9593492	8.290365	0.4303342	1.664303E-05	0.00546509	1.239923	0.738577	9.381853E-09	0.001626393	28.52477	1.872038	0.0004566005	0.1314919						
CKbyEmotion	20191217	S503-anger	0	MALE	FaceRecording-1	TestImage	AffRaw	20191217_161723104	440			4	1	720	480	9	0	34	72.6653	7.913366E-07	12.81175	0.002980149	1.143533E-05	-19.46152	98.08189	182.733	-4.774646	2.327691	-0.05471057	26.54844	1.391514E-10	2.03805E-05	3.749132E-08	0.0005002316	0.004095745	0.4867977	0.009566856	6.27481E-07	0.01762964	0.9117918	10.87172	0.429674	1.586584E-05	0.005703945	1.451901	0.7483622	7.40332E-09	0.001586768	29.22426	1.75556	0.0005023532	0.1413236						
CKbyEmotion	20191217	S503-anger	0	MALE	FaceRecording-1	TestImage	AffRaw	20191217_161723144	480			4	1	720	480	10	0	34	70.10818	7.045707E-07	10.88541	0.002827099	9.635635E-06	-18.7431	98.41343	182.8779	-5.030232	1.361995	0.2355496	27.01645	2.582934E-11	1.572977E-05	3.021391E-08	0.000566866	0.004903038	0.4568134	0.009912759	5.597989E-07	0.01686015	0.7480471	9.173819	0.4294398	1.874632E-05	0.006767171	1.465584	0.7135779	6.322245E-09	0.001794143	30.09668	1.817461	0.0005235651	0.1499874						
CKbyEmotion	20191217	S503-anger	0	MALE	FaceRecording-1	TestImage	AffRaw	20191217_161723184	520			4	1	720	480	11	0	34	69.94755	8.387516E-07	10.8508	0.002887253	1.144345E-05	-18.37023	98.62508	182.2326	-6.45458	0.635335	-0.8048617	26.09099	2.632562E-11	1.491262E-05	3.119953E-08	0.0006054066	0.006504268	0.56744	0.01045082	6.389764E-07	0.0155706	0.7350613	8.827136	0.4302953	1.89826E-05	0.006654864	1.294328	0.7114473	7.324748E-09	0.002155045	29.04293	1.853812	0.0006165352	0.1453509						
CKbyEmotion	20191217	S503-anger	0	MALE	FaceRecording-1	TestImage	AffRaw	20191217_161723224	560			4	1	720	480	12	0	34	71.67127	8.647E-07	12.05108	0.002928307	1.054817E-05	-18.86438	98.02544	182.8143	-3.647013	2.47559	0.1380234	25.80206	4.519498E-11	9.768036E-06	1.64462E-08	0.0007039395	0.008034893	0.5022942	0.01024625	6.045254E-07	0.01554315	0.8843485	9.484218	0.4297922	1.693721E-05	0.00601593	1.503789	0.7346452	6.786506E-09	0.002449709	30.03684	1.85147	0.0007099289	0.1427914						
CKbyEmotion	20191217	S503-anger	0	MALE	FaceRecording-1	TestImage	AffRaw	20191217_161723264	600			4	1	720	480	13	0	34	71.93508	9.329169E-07	12.25982	0.002950015	9.9145E-06	-19.1481	98.24554	182.3553	-4.779166	1.873441	-0.3061774	26.36131	3.147701E-11	1.065701E-05	1.751187E-08	0.0007596111	0.009232538	0.5121744	0.0105886	5.775083E-07	0.01548159	1.032308	8.690582	0.4298667	1.665025E-05	0.006271157	2.39964	0.7382611	6.653898E-09	0.002252524	34.62199	1.969595	0.0006784536	0.1476115						
CKbyEmotion	20191217	S503-anger	0	MALE	FaceRecording-1	TestImage	AffRaw	20191217_161723304	640			4	1	720	480	14	0	34	71.84833	1.190623E-06	12.19893	0.002854801	1.064137E-05	-18.85014	98.55248	181.4761	-5.161151	0.8963057	-0.3425907	25.5818	4.074018E-11	1.05762E-05	1.758564E-08	0.0008596151	0.01010117	0.5195117	0.01001159	5.927334E-07	0.01401821	0.9614827	8.946214	0.4299217	1.67473E-05	0.006042343	1.810395	0.7370701	7.234278E-09	0.002441483	31.90606	1.860435	0.0006968002	0.1571305						
CKbyEmotion	20191217	S503-anger	0	MALE	FaceRecording-1	TestImage	AffRaw	20191217_161723344	680			4	1	720	480	15	0	34	72.00214	1.269666E-06	12.36465	0.00299751	1.154341E-05	-18.6574	98.26235	180.4612	-5.083732	1.824462	-0.3253524	24.86252	8.211273E-11	8.189661E-06	1.222118E-08	0.0007572704	0.01353568	0.5810625	0.01162218	5.345083E-07	0.01412372	1.2259	7.125793	0.4304022	1.659811E-05	0.006292406	3.312267	0.7391831	7.937817E-09	0.002669194	38.16961	1.714936	0.0007247018	0.1568465						
CKbyEmotion	20191217	S503-anger	0	MALE	FaceRecording-1	TestImage	AffRaw	20191217_161723384	720			4	1	720	480	16	0	34	70.535	1.647507E-06	11.28815	0.003227389	1.187951E-05	-17.92878	98.18777	181.3337	-3.981922	2.038388	-0.6016322	24.20848	5.934472E-11	1.191813E-05	2.30729E-08	0.0007559306	0.01668985	0.6020277	0.0112073	5.70522E-07	0.0141087	1.171877	5.859262	0.4305633	1.827804E-05	0.006897836	3.665062	0.7192705	8.599606E-09	0.002852028	39.81538	1.627981	0.0007510536	0.1538929						
CKbyEmotion	20191217	S503-anger	0	MALE	FaceRecording-1	TestImage	AffRaw	20191217_161723424	760			4	1	720	480	17	0	34	69.22697	1.728161E-06	10.40929	0.003137602	1.233799E-05	-16.75439	98.26163	182.3534	-5.522606	1.826577	-0.1761782	22.10691	2.389763E-11	1.568414E-05	3.377066E-08	0.0008202312	0.01352205	0.6372904	0.01055005	5.598074E-07	0.01381748	1.036223	5.065794	0.4308385	1.992468E-05	0.006979146	2.649583	0.7019665	8.890679E-09	0.002924553	37.25258	1.704153	0.0007904649	0.1546287						
CKbyEmotion	20191217	S503-anger	0	MALE	FaceRecording-1	TestImage	AffRaw	20191217_161723464	800			4	1	720	480	18	0	34	69.84356	1.477862E-06	10.82543	0.003516328	1.154683E-05	-17.14014	98.38096	182.4523	-5.496776	1.464917	-0.1980142	22.61377	3.911986E-11	1.480431E-05	2.895607E-08	0.0008205441	0.01072618	0.6346697	0.01026332	5.527707E-07	0.01423029	1.284241	4.595222	0.4308154	1.913565E-05	0.007177274	4.620793	0.7100713	8.295991E-09	0.002724476	42.73109	1.551157	0.0007414694	0.1613077						
CKbyEmotion	20191217	S503-anger	0	MALE	FaceRecording-1	TestImage	AffRaw	20191217_161723504	840			4	1	720	480	19	0	34	69.23631	1.426599E-06	10.44084	0.00363163	1.185073E-05	-16.84442	98.49629	180.6552	-6.291664	1.08958	-0.6269031	22.35989	5.753445E-11	1.291824E-05	2.797236E-08	0.0007685196	0.01103836	0.6752389	0.01135183	5.770567E-07	0.01361177	0.9136725	5.760345	0.4311293	1.992622E-05	0.006770211	1.874671	0.7020888	8.256606E-09	0.002970261	33.66839	1.450656	0.0007271955	0.1545361						
CKbyEmotion	20191217	S503-anger	0	MALE	FaceRecording-1	TestImage	AffRaw	20191217_161723544	880			4	1	720	480	20	0	34	66.72232	1.497066E-06	8.868312	0.003653257	1.357561E-05	-16.19036	98.48415	180.2116	-5.093887	1.1304	-1.193283	22.97308	4.202844E-11	1.9364E-05	4.93161E-08	0.0008522386	0.01058507	0.6601766	0.01132508	6.01629E-07	0.01338842	0.6805291	5.340394	0.4310075	2.34839E-05	0.007807044	1.431189	0.6699784	9.782023E-09	0.003587423	31.65788	1.414055	0.000778616	0.1487142						
CKbyEmotion	20191217	S503-anger	0	MALE	FaceRecording-1	TestImage	AffRaw	20191217_161723584	920			4	1	720	480	21	0	34	66.19742	1.731378E-06	8.670254	0.003957548	1.457195E-05	-17.12463	98.6164	180.4569	-6.33294	0.66723	-0.2357796	26.20819	5.001121E-11	2.792557E-05	8.303119E-08	0.0009660083	0.01230822	0.8384777	0.01417289	6.114892E-07	0.01417301	0.6762865	5.469003	0.4323982	2.43837E-05	0.00901731	2.275049	0.6634605	1.080675E-08	0.003274902	36.01336	1.53632	0.0007902952	0.1448233						
CKbyEmotion	20191217	S503-anger	0	MALE	FaceRecording-1	TestImage	AffRaw	20191217_161723624	960			4	1	720	480	22	0	34	67.34468	1.732736E-06	9.50902	0.003752102	1.527155E-05	-17.18203	98.38696	180.7189	-5.928204	1.446061	-0.3053153	25.22914	4.28546E-11	3.199948E-05	9.902283E-08	0.001060684	0.01132538	1.113179	0.01412864	5.963291E-07	0.01378593	0.7843738	5.420159	0.4345531	2.273296E-05	0.008362823	2.473122	0.677789	1.153576E-08	0.003658985	36.64679	1.715542	0.000790088	0.1377249						
CKbyEmotion	20191217	S503-anger	0	MALE	FaceRecording-1	TestImage	AffRaw	20191217_161723664	1000			4	1	720	480	23	0	34	65.83994	1.683511E-06	8.701171	0.003655484	1.551347E-05	-16.145	98.37659	180.7012	-6.633905	1.478623	-0.3339555	23.72042	5.316482E-11	3.39994E-05	1.012646E-07	0.0008998365	0.01125673	1.250531	0.01378029	5.797784E-07	0.01374174	0.6649955	4.80555	0.4356354	2.514868E-05	0.00867128	1.757478	0.6590577	1.209274E-08	0.002996496	33.91128	1.666022	0.0007941605	0.13948						
CKbyEmotion	20191217	S503-anger	0	MALE	FaceRecording-1	TestImage	AffRaw	20191217_161723704	1040			4	1	720	480	24	0	34	66.14186	1.732266E-06	8.827793	0.003787961	1.563924E-05	-16.28029	98.59635	181.0626	-5.112058	0.7402214	-0.3881126	23.80999	3.64241E-11	4.010832E-05	1.251596E-07	0.0007930744	0.01299391	1.170304	0.01355775	5.909723E-07	0.01397304	0.7173268	4.702095	0.4350031	2.462062E-05	0.008652383	2.084637	0.6627744	1.238303E-08	0.002539382	35.53477	1.53987	0.0007673435	0.1350932						
CKbyEmotion	20191217	S503-anger	0	MALE	FaceRecording-1	TestImage	AffRaw	20191217_161723744	1080			4	1	720	480	25	0	34	67.01359	1.773373E-06	9.545338	0.003794273	1.642245E-05	-16.78654	98.51373	181.0728	-5.638508	1.030402	-0.3536686	24.41213	7.093589E-11	6.532238E-05	2.338268E-07	0.000625256	0.01111306	1.503263	0.01320803	5.499984E-07	0.01426594	0.664833	5.811471	0.4376374	2.339637E-05	0.008062255	1.480804	0.6736226	1.333939E-08	0.002073908	31.66248	1.498664	0.0007384612	0.1357072						
CKbyEmotion	20191217	S503-anger	0	MALE	FaceRecording-1	TestImage	AffRaw	20191217_161723784	1120			4	1	720	480	26	0	34	64.46381	1.951544E-06	8.003963	0.003314743	1.772618E-05	-16.18115	98.3317	182.3862	-6.149964	1.61727	-0.3792473	25.20454	1.490117E-10	9.488119E-05	3.442354E-07	0.0005172626	0.01008414	1.350869	0.01312988	5.632089E-07	0.01291718	0.5173036	5.189228	0.4364379	2.756934E-05	0.009469603	1.325828	0.6423777	1.500938E-08	0.002070329	31.25787	1.35761	0.0007389472	0.1321432						
CKbyEmotion	20191217	S503-anger	0	MALE	FaceRecording-1	TestImage	AffRaw	20191217_161723824	1160			4	1	720	480	27	0	34	60.6078	2.033372E-06	6.217977	0.003361923	1.904235E-05	-14.80843	98.57692	180.8073	-6.318265	0.8099222	-0.6488381	25.07189	3.830282E-11	7.828405E-05	2.784319E-07	0.0005083931	0.007474324	1.402796	0.01425609	5.35821E-07	0.01353075	0.3868079	3.805626	0.4368459	3.551809E-05	0.01200786	1.254261	0.5978405	1.567752E-08	0.001673454	32.00376	1.292458	0.000757641	0.1339613						
CKbyEmotion	20191217	S503-anger	0	MALE	FaceRecording-1	TestImage	AffRaw	20191217_161723864	1200			4	1	720	480	28	0	34	59.46373	2.179822E-06	5.757038	0.003756158	2.241081E-05	-14.56142	98.48968	180.6978	-6.440715	1.111853	-0.3796547	25.50124	3.546529E-11	6.846771E-05	2.191845E-07	0.0005129809	0.005207577	1.399922	0.01237712	5.485297E-07	0.01198577	0.3131254	3.975023	0.4368214	3.827798E-05	0.01257925	0.8976678	0.5852268	1.881321E-08	0.001397051	28.93322	1.333591	0.0007305968	0.1358878						
CKbyEmotion	20191217	S503-anger	0	MALE	FaceRecording-1	TestImage	AffRaw	20191217_161723904	1240			4	1	720	480	29	0	34	58.52021	2.416693E-06	5.348299	0.00385629	2.264375E-05	-14.31542	98.4352	180.6821	-6.324175	1.291823	-0.243476	25.7292	9.128419E-11	6.695747E-05	1.98478E-07	0.0006561378	0.005898887	1.251827	0.01182604	5.585957E-07	0.01305699	0.3058845	3.564031	0.4356502	4.060697E-05	0.01357501	1.052649	0.5750236	1.92291E-08	0.001234406	30.81626	1.316753	0.0007514319	0.1305534						
CKbyEmotion	20191217	S503-anger	0	MALE	FaceRecording-1	TestImage	AffRaw	20191217_161723944	1280			4	1	720	480	30	0	34	59.71748	2.800517E-06	5.721354	0.003859469	2.108701E-05	-15.29945	98.17195	180.3925	-5.282094	2.08262	-0.09377193	27.39362	5.608045E-11	6.778618E-05	1.734001E-07	0.000639158	0.004418279	1.053832	0.01186666	5.668256E-07	0.01361788	0.3196622	4.350041	0.4340956	3.741132E-05	0.01299459	1.125499	0.5880015	1.897353E-08	0.001160389	30.81336	1.330642	0.0007313601	0.1217133						
CKbyEmotion	20191217	S503-anger	0	MALE	FaceRecording-1	TestImage	AffRaw	20191217_161723984	1320			4	1	720	480	31	0	34	62.13214	2.179834E-06	6.712556	0.003753573	1.872438E-05	-16.41422	98.7522	181.0696	-7.399201	0.1438766	-0.5572097	28.21676	1.234554E-11	4.948175E-05	1.047033E-07	0.000722174	0.004930924	1.023971	0.01400885	5.430405E-07	0.01664831	0.3693123	5.601095	0.4338605	3.192465E-05	0.01132177	1.133536	0.6150674	1.664496E-08	0.001265069	29.94384	1.564618	0.0007423249	0.1235406						
CKbyEmotion	20191217	S503-anger	0	MALE	FaceRecording-1	TestImage	AffRaw	20191217_161724024	1360			4	1	720	480	32	0	34	65.80396	2.270369E-06	8.586782	0.003624009	2.025275E-05	-18.08041	98.26003	180.675	-7.236954	1.831241	-0.1730559	29.38656	7.844129E-12	7.029313E-05	1.466967E-07	0.0007472869	0.005332169	1.083708	0.01527094	5.520669E-07	0.01956521	0.5644879	6.708222	0.4343279	2.513165E-05	0.009765523	2.086593	0.6586158	1.945354E-08	0.001235674	34.71992	1.631056	0.0007627122	0.112245						
CKbyEmotion	20191217	S503-anger	0	MALE	FaceRecording-1	TestImage	AffRaw	20191217_161724064	1400			4	1	720	480	33	0	34	70.36271	2.122199E-06	11.30423	0.00352695	1.729197E-05	-19.53365	98.105	179.0095	-7.345875	2.265912	0.03286889	29.04988	3.962143E-10	0.0001071259	2.016555E-07	0.0009011177	0.005175413	0.7967926	0.01747363	5.707278E-07	0.02790404	0.7090937	10.51093	0.4320858	1.855094E-05	0.006978574	1.496382	0.7169669	1.844623E-08	0.001171101	29.86967	2.268351	0.000831968	0.1068339						
CKbyEmotion	20191217	S503-anger	0	MALE	FaceRecording-1	TestImage	AffRaw	20191217_161724104	1440			4	1	720	480	34	0	34	78.91001	1.393995E-06	18.74798	0.003842403	1.242325E-05	-22.78343	98.36639	179.6373	-7.422409	1.51045	-0.9752325	29.94164	5.707045E-09	0.0001250302	1.613941E-07	0.0007407196	0.005768823	0.5594114	0.0232304	5.417855E-07	0.03511727	0.9747117	25.51395	0.4302535	1.055653E-05	0.003793604	0.687546	0.8405415	1.425118E-08	0.0009585932	19.01262	3.489982	0.0007686684	0.1042754						
CKbyEmotion	20191217	S503-anger	0	MALE	FaceRecording-1	TestImage	AffRaw	20191217_161724144	1480			4	1	720	480	35	0	34	84.91199	9.701263E-07	25.98293	0.004445035	1.109012E-05	-24.30799	98.42226	180.2376	-7.745585	1.333622	-1.618121	28.35222	1.674028E-08	0.0001630804	1.467068E-07	0.000658304	0.005857255	0.4320208	0.04056188	5.310624E-07	0.04871471	1.301148	38.66582	0.4292922	7.110484E-06	0.002362267	0.3744357	0.939721	1.429253E-08	0.0007172931	11.16591	5.412473	0.0007454186	0.09676735						
CKbyEmotion	20191217	S503-anger	0	MALE	FaceRecording-1	TestImage	AffRaw	20191217_161724184	1520			4	1	720	480	36	0	34	89.78961	9.018062E-07	33.11059	0.005019946	9.885968E-06	-25.65725	98.25909	177.9893	-7.548194	1.833969	-0.6920538	27.36744	6.637664E-08	0.0003246456	2.613596E-07	0.0008497729	0.01047895	0.3657597	0.0631349	5.907469E-07	0.06787685	1.804766	48.71749	0.42881	5.160861E-06	0.001670544	0.3139266	1.02879	1.509255E-08	0.0008871329	7.933196	8.75288	0.0007691106	0.08962764						
CKbyEmotion	20191217	S503-anger	0	MALE	FaceRecording-1	TestImage	AffRaw	20191217_161724224	1560			4	1	720	480	37	0	34	93.45297	5.708095E-07	38.99287	0.0059642	7.356429E-06	-27.64017	98.14052	179.1107	-7.647305	2.169483	-1.121808	29.42089	6.542626E-08	0.0004068949	2.406251E-07	0.0009547723	0.01385196	0.280457	0.1042282	5.353082E-07	0.09564848	3.064317	62.23242	0.4282182	4.054262E-06	0.001338315	0.2440392	1.101134	1.248301E-08	0.0008588702	3.84483	16.1577	0.0007270187	0.0900415						
CKbyEmotion	20191217	S503-anger	0	MALE	FaceRecording-1	TestImage	AffRaw	20191217_161724264	1600			4	1	720	480	38	0	34	95.73692	4.218208E-07	42.84314	0.006652346	6.068687E-06	-29.05351	98.17053	180.3267	-7.544809	2.086587	-0.5265979	31.17657	5.612976E-08	0.0008525344	4.068893E-07	0.001186668	0.01729242	0.2275224	0.1666579	5.704677E-07	0.1332722	5.657934	70.00522	0.4278942	3.48794E-06	0.001186134	0.2278707	1.14876	1.159895E-08	0.0009328527	2.103052	26.65657	0.0006898195	0.08751199						
CKbyEmotion	20191217	S503-anger	0	MALE	FaceRecording-1	TestImage	AffRaw	20191217_161724304	1640			4	1	720	480	39	0	34	97.27448	3.221063E-07	45.66809	0.007575349	4.928127E-06	-29.96653	98.20753	179.8455	-6.292095	1.982568	-0.7937537	32.15705	5.76611E-08	0.0009437083	3.30716E-07	0.001460601	0.02360559	0.2377108	0.2935376	6.157131E-07	0.195419	12.36508	74.42675	0.4280936	3.154579E-06	0.001089973	0.2159636	1.181963	1.073186E-08	0.0008427437	0.8890898	42.01553	0.0007175257	0.08662922						
CKbyEmotion	20191217	S503-anger	0	MALE	FaceRecording-1	TestImage	AffRaw	20191217_161724344	1680			4	1	720	480	40	0	34	98.44196	2.019553E-07	47.95324	0.008192284	3.574367E-06	-31.28823	97.99412	179.8283	-5.534279	2.555881	-0.9418162	34.70322	8.666149E-08	0.001165787	3.165022E-07	0.001569147	0.03213802	0.2097612	0.4112079	6.63987E-07	0.318787	24.06998	79.3034	0.4280533	2.921016E-06	0.00106303	0.2226921	1.207806	8.989853E-09	0.0009381861	0.3810425	58.3993	0.0007281115	0.08031666						
CKbyEmotion	20191217	S503-anger	0	MALE	FaceRecording-1	TestImage	AffRaw	20191217_161724384	1720			4	1	720	480	41	0	34	99.12991	1.416611E-07	49.69889	0.008700079	2.627332E-06	-34.01966	98.27932	180.9305	-5.647263	1.774509	-2.037757	41.66286	5.779565E-08	0.002299304	5.430065E-07	0.001504042	0.03064414	0.1675578	0.7014628	7.462089E-07	0.4785099	33.63227	86.61678	0.4280685	2.790259E-06	0.001168723	0.2503386	1.223295	7.579014E-09	0.0009131694	0.16619	72.46298	0.0007397003	0.08425592						
CKbyEmotion	20191217	S503-anger	0	MALE	FaceRecording-1	TestImage	AffRaw	20191217_161724424	1760			4	1	720	480	42	0	34	99.52369	8.979696E-08	51.10731	0.008799938	1.973343E-06	-35.81512	98.11422	182.023	-6.299387	2.241047	-1.252816	46.09865	1.779654E-07	0.00316507	7.007725E-07	0.001311187	0.02334468	0.1625452	1.096499	7.367238E-07	0.6623376	43.53112	89.99489	0.4284653	2.719012E-06	0.001245748	0.2701298	1.232248	6.431171E-09	0.0008937616	0.05763942	83.89674	0.0007152568	0.0816078						
CKbyEmotion	20191217	S503-anger	0	MALE	FaceRecording-1	TestImage	AffRaw	20191217_161724464	1800			4	1	720	480	43	0	34	99.74112	5.577077E-08	52.14132	0.00971495	1.467287E-06	-37.98836	98.35281	180.8208	-6.336721	1.552576	-1.716969	51.83884	4.635129E-07	0.002165323	3.737218E-07	0.001227784	0.0199485	0.1888742	1.45875	8.122284E-07	1.008244	46.89498	93.06084	0.4292775	2.681871E-06	0.001379595	0.2982211	1.23722	5.37286E-09	0.000932729	0.02086436	91.01734	0.0007083073	0.08193381						
CKbyEmotion	20191217	S503-anger	0	MALE	FaceRecording-1	TestImage	AffRaw	20191217_161724504	1840			4	1	720	480	44	0	34	99.85009	4.524551E-08	52.97099	0.008974222	1.226296E-06	-40.10181	98.0011	181.3799	-5.18511	2.538097	-0.8618133	57.51881	2.763378E-07	0.00311421	5.361155E-07	0.001111377	0.017506	0.1858124	1.81562	9.620279E-07	1.427488	45.72155	95.18209	0.4305138	2.662661E-06	0.001534909	0.3286166	1.239719	4.99113E-09	0.00104708	0.008389806	94.62716	0.0007989471	0.0730471						
CKbyEmotion	20191217	S503-anger	0	MALE	FaceRecording-1	TestImage	AffRaw	20191217_161724544	1880			4	1	720	480	45	0	34	99.92061	3.107796E-08	53.94851	0.009193014	8.79707E-07	-42.30235	98.28658	180.8773	-6.121812	1.753019	-1.543066	63.36844	8.459962E-07	0.002040052	2.971732E-07	0.001262493	0.01518176	0.1543851	2.295163	1.035862E-06	1.873315	42.84658	96.70734	0.4322129	2.648888E-06	0.001716606	0.3628111	1.241339	3.956526E-09	0.001001941	0.00267926	97.07413	0.0008198699	0.07113124						
CKbyEmotion	20191217	S503-anger	0	MALE	FaceRecording-1	TestImage	AffRaw	20191217_161724584	1920			4	1	720	480	46	0	34	99.95705	2.201854E-08	54.70583	0.009558794	5.930139E-07	-43.98953	98.17455	183.6393	-7.051195	2.075381	-0.5229828	68.05315	1.23813E-06	0.001222916	1.472931E-07	0.001180879	0.01296643	0.1659766	2.480876	1.088932E-06	2.686036	39.37041	97.57491	0.4349868	2.643134E-06	0.001881584	0.3925948	1.242177	2.911189E-09	0.001033022	0.001445082	98.03651	0.0008167865	0.07021319						
CKbyEmotion	20191217	S503-anger	0	MALE	FaceRecording-1	TestImage	AffRaw	20191217_161724624	1960			4	1	720	480	47	0	34	99.97719	1.490997E-08	55.90013	0.009233401	4.428003E-07	-45.05558	97.88704	181.9666	-6.991317	2.821367	-0.8745205	71.2956	5.493465E-07	0.001042525	1.192008E-07	0.001435377	0.01630475	0.1757949	2.314412	1.165E-06	3.342336	36.7666	98.03926	0.4394562	2.640121E-06	0.002005858	0.4145031	1.242641	2.318379E-09	0.001043991	0.0008093744	98.48894	0.0008134827	0.07415974						
CKbyEmotion	20191217	S503-anger	0	MALE	FaceRecording-1	TestImage	AffRaw	20191217_161724664	2000			4	1	720	480	48	0	34	99.9864	1.002428E-08	57.94975	0.01047302	3.435913E-07	-46.58823	98.06135	181.0987	-6.816573	2.382009	-1.385748	75.79659	3.02186E-07	0.0006184426	6.951927E-08	0.001560598	0.01869012	0.186335	2.254418	1.307359E-06	4.503548	32.83744	98.54059	0.4468145	2.639034E-06	0.0021942	0.44676	1.242853	1.882019E-09	0.001338987	0.0007263319	98.75133	0.0008161971	0.07503214						
CKbyEmotion	20191217	S503-anger	0	MALE	FaceRecording-1	TestImage	AffRaw	20191217_161724704	2040			4	1	720	480	49	0	34	99.99286	7.723178E-09	60.68321	0.01117445	2.606109E-07	-48.49052	98.24327	182.4111	-7.145243	1.880039	-1.095679	81.4753	4.936422E-07	0.0004041695	4.25857E-08	0.001472721	0.01603092	0.1932797	2.099998	1.403624E-06	6.083349	28.02598	98.99625	0.4584127	2.638254E-06	0.002457512	0.4909942	1.243001	1.529683E-09	0.00129131	0.0004092458	98.91565	0.0008515959	0.07391914						
CKbyEmotion	20191217	S503-anger	0	MALE	FaceRecording-1	TestImage	AffRaw	20191217_161724744	2080			4	1	720	480	50	0	34	99.99595	4.834599E-09	65.35439	0.01101143	1.919229E-07	-49.37663	98.12714	181.9979	-7.441504	2.206022	-1.133585	84.17307	1.836435E-06	0.0003072376	3.003974E-08	0.001268328	0.01745247	0.210788	1.974131	1.565271E-06	8.889196	25.86563	99.15977	0.4782166	2.638561E-06	0.002594587	0.513446	1.243072	1.192466E-09	0.001229391	0.000314138	98.95116	0.0008508653	0.07755462						
CKbyEmotion	20191217	S503-anger	0	MALE	FaceRecording-1	TestImage	AffRaw	20191217_161724784	2120			4	1	720	480	51	0	34	99.99773	3.46724E-09	69.96381	0.0120963	1.526662E-07	-50.3504	98.16673	182.2493	-7.016623	2.097178	-0.7251446	86.686	1.533863E-06	0.0003570723	3.30482E-08	0.001255167	0.01933971	0.1981858	2.285347	1.789376E-06	11.84032	23.95578	99.28885	0.511034	2.637645E-06	0.002727081	0.5353426	1.243114	1.006128E-09	0.001301868	0.0003633805	99.00786	0.0009158163	0.07599711						
CKbyEmotion	20191217	S503-anger	0	MALE	FaceRecording-1	TestImage	AffRaw	20191217_161724824	2160			4	1	720	480	52	0	34	99.99873	2.45589E-09	77.35079	0.01304699	1.220751E-07	-50.76897	98.23937	182.7919	-6.176007	1.891329	-1.057528	88.39342	4.54487E-07	0.000430523	4.170764E-08	0.0008588211	0.01879384	0.1906663	1.792195	2.110794E-06	17.19642	22.70858	99.36511	0.5588219	2.637112E-06	0.00282105	0.5507461	1.243136	8.407044E-10	0.00151601	0.0004437061	99.03937	0.0009384008	0.0748243						
CKbyEmotion	20191217	S503-anger	0	MALE	FaceRecording-1	TestImage	AffRaw	20191217_161724864	2200			4	1	720	480	53	0	34	99.99934	1.726719E-09	84.1339	0.01276067	9.028315E-08	-51.32116	98.18879	181.2918	-6.056187	2.035506	-1.151874	89.83385	3.67739E-07	0.0004590368	4.604858E-08	0.0007103827	0.02016499	0.1896424	1.955555	2.46623E-06	23.35581	21.73289	99.42293	0.658003	2.636961E-06	0.002903339	0.5640584	1.24315	6.752299E-10	0.001616786	0.000388913	99.1102	0.001036324	0.07516204						
CKbyEmotion	20191217	S503-anger	0	MALE	FaceRecording-1	TestImage	AffRaw	20191217_161724904	2240			4	1	720	480	54	0	34	99.99963	1.66247E-09	92.26074	0.01371422	7.145582E-08	-51.72386	98.24503	183.3804	-6.28886	1.874912	-0.5840774	90.71236	1.5583E-07	0.0008090912	8.886005E-08	0.0008454354	0.02252258	0.2009565	2.241986	2.586244E-06	34.69674	21.14173	99.45538	0.7846273	2.637449E-06	0.002955315	0.5724105	1.243157	5.872724E-10	0.002465573	0.0003668919	99.13219	0.001018862	0.07067531						
CKbyEmotion	20191217	S503-anger	0	MALE	FaceRecording-1	TestImage	AffRaw	20191217_161724944	2280			4	1	720	480	55	0	34	99.99977	1.342133E-09	95.76715	0.01507056	6.422581E-08	-52.08083	97.97758	181.1488	-6.699777	2.597776	-1.198219	91.1417	1.359422E-07	0.001345932	1.606208E-07	0.0008576572	0.03087096	0.1936795	2.837696	2.751924E-06	43.66685	20.87837	99.47073	1.004124	2.637077E-06	0.002980465	0.5764169	1.24316	5.539161E-10	0.003124449	0.0004031778	99.17722	0.001072483	0.07450372						
CKbyEmotion	20191217	S503-anger	0	MALE	FaceRecording-1	TestImage	AffRaw	20191217_161724984	2320			4	1	720	480	56	0	34	99.99988	9.036937E-10	97.40697	0.01821895	5.126646E-08	-52.81364	97.9385	183.3279	-5.627826	2.695466	-1.558195	92.05166	8.74894E-08	0.002328756	2.52706E-07	0.0008650387	0.0348298	0.1417204	4.044683	2.778426E-06	50.76516	20.1863	99.5026	1.268175	2.634568E-06	0.00303164	0.5850182	1.243163	4.974078E-10	0.003446408	0.0003844143	99.1216	0.001185387	0.08108883						
CKbyEmotion	20191217	S503-anger	0	MALE	FaceRecording-1	TestImage	AffRaw	20191217_161725024	2360			4	1	720	480	57	0	34	99.99993	9.107797E-10	98.31867	0.02144714	4.424573E-08	-53.67053	97.84676	183.7352	-5.854423	2.917867	-0.7958925	92.67532	4.511693E-08	0.005649961	5.939058E-07	0.001076377	0.03745333	0.1228263	5.895731	2.957885E-06	56.96089	19.70173	99.52309	1.533721	2.633654E-06	0.003068112	0.5911102	1.243164	4.817962E-10	0.003998015	0.0004848541	99.04682	0.001205201	0.07906745						
CKbyEmotion	20191217	S503-anger	0	MALE	FaceRecording-1	TestImage	AffRaw	20191217_161725064	2400			4	1	720	480	58	0	34	99.99995	7.379504E-10	98.74939	0.02493801	3.533058E-08	-54.51426	98.16498	183.7801	-6.072574	2.102041	-1.422831	93.03986	1.387287E-07	0.007217026	7.416542E-07	0.001002111	0.04709398	0.1016475	7.963336	3.019677E-06	61.1655	19.45117	99.53477	2.194317	2.632639E-06	0.003088912	0.5946831	1.243165	3.966256E-10	0.005442803	0.000826316	99.04638	0.001167989	0.07874952						
CKbyEmotion	20191217	S503-anger	0	MALE	FaceRecording-1	TestImage	AffRaw	20191217_161725104	2440			4	1	720	480	59	0	34	99.99996	6.574317E-10	98.57781	0.02964578	3.47961E-08	-56.12648	97.93255	182.8469	-6.518004	2.710208	-1.699059	93.63199	2.449899E-07	0.01822727	2.172699E-06	0.0007680075	0.05715352	0.1128113	12.0182	3.044249E-06	59.34113	19.00895	99.55251	2.551282	2.633172E-06	0.003126676	0.6004939	1.243165	3.968003E-10	0.005100527	0.001179148	98.96292	0.001257275	0.08011693						
CKbyEmotion	20191217	S503-anger	0	MALE	FaceRecording-1	TestImage	AffRaw	20191217_161725144	2480			4	1	720	480	60	0	34	99.99998	6.075566E-10	98.63489	0.03504714	3.51357E-08	-56.61106	97.61435	181.9353	-7.4738	3.442235	-1.224037	93.71771	2.549373E-07	0.04390734	5.669892E-06	0.0006311504	0.04345236	0.1146332	13.29941	3.360761E-06	59.92259	18.91494	99.55518	2.807416	2.633252E-06	0.003132283	0.60128	1.243165	4.291712E-10	0.00530073	0.001447439	98.91077	0.001277325	0.08163168						
CKbyEmotion	20191217	S503-anger	0	MALE	FaceRecording-1	TestImage	AffRaw	20191217_161725184	2520			4	1	720	480	61	0	34	99.99998	7.737224E-10	98.8371	0.03840189	3.558039E-08	-56.9786	97.81342	183.804	-6.626362	2.996381	-0.4191507	93.74162	7.492706E-08	0.04108646	4.722378E-06	0.0006124647	0.04894788	0.101154	14.33522	3.568904E-06	62.19582	18.8304	99.55608	3.128606	2.632609E-06	0.003132917	0.6014253	1.243165	4.374213E-10	0.006187672	0.001458053	98.82925	0.001314816	0.08467912						
CKbyEmotion	20191217	S503-anger	0	MALE	FaceRecording-1	TestImage	AffRaw	20191217_161725224	2560			4	1	720	480	62	0	34	99.99998	7.50633E-10	98.76482	0.04318455	3.805137E-08	-58.59796	98.05845	181.6255	-6.665872	2.38961	-1.171423	94.40715	2.466378E-08	0.08294272	9.792921E-06	0.0004230186	0.05677065	0.1034905	18.28806	3.874326E-06	61.34136	18.39082	99.57522	3.352022	2.63272E-06	0.003175364	0.607977	1.243165	4.746733E-10	0.005911196	0.001791426	98.80183	0.00120148	0.08895904						
CKbyEmotion	20191217	S503-anger	0	MALE	FaceRecording-1	TestImage	AffRaw	20191217_161725264	2600			4	1	720	480	63	0	34	99.99998	9.150982E-10	98.81831	0.04483709	3.975189E-08	-59.48763	98.13287	182.6319	-6.839649	2.190386	-1.131192	95.36964	3.233526E-08	0.1036756	1.42956E-05	0.0004354168	0.06834005	0.0977383	19.86152	4.114424E-06	61.96866	17.80472	99.60152	3.44818	2.632443E-06	0.003236731	0.6177057	1.243165	5.283378E-10	0.00808287	0.001936941	98.81686	0.001273676	0.09067982						
CKbyEmotion	20191217	S503-anger	0	MALE	FaceRecording-1	TestImage	AffRaw	20191217_161725304	2640			4	1	720	480	64	0	34	99.99998	1.088176E-09	98.79398	0.04885365	4.133085E-08	-60.5633	97.9813	183.6004	-6.779408	2.588387	-0.7790291	95.83825	8.969202E-08	0.06420926	9.68075E-06	0.000405062	0.09224992	0.1042838	22.55207	4.225449E-06	61.68002	17.42143	99.61355	3.374176	2.63276E-06	0.003267758	0.6224577	1.243165	5.251339E-10	0.009209931	0.001750274	98.67471	0.001276885	0.09107257						
CKbyEmotion	20191217	S503-anger	0	MALE	FaceRecording-1	TestImage	AffRaw	20191217_161725344	2680			4	1	720	480	65	0	34	99.99998	1.05453E-09	98.81295	0.05155329	3.915292E-08	-63.48709	97.84984	183.9671	-6.568781	2.910554	-0.8776758	96.79169	2.957481E-08	0.03912036	5.665438E-06	0.0004814215	0.08970039	0.101789	30.1351	4.595763E-06	61.90466	16.78057	99.63732	3.384771	2.632639E-06	0.003330586	0.6323066	1.243165	4.741421E-10	0.009244334	0.001888545	98.5667	0.001272188	0.09292477						
CKbyEmotion	20191217	S503-anger	0	MALE	FaceRecording-1	TestImage	AffRaw	20191217_161725384	2720			4	1	720	480	66	0	34	99.99998	9.894381E-10	98.66012	0.06063562	3.550785E-08	-63.87997	98.27023	184.3087	-6.791356	1.801329	-1.418614	97.41315	3.667286E-09	0.01566692	1.806023E-06	0.000439509	0.1145765	0.09356666	30.64871	4.513574E-06	60.18741	16.25765	99.65202	3.306047	2.632248E-06	0.00337142	0.6388276	1.243165	4.199257E-10	0.008457901	0.002397286	98.33163	0.001188614	0.09079541						
CKbyEmotion	20191217	S503-anger	0	MALE	FaceRecording-1	TestImage	AffRaw	20191217_161725424	2760			4	1	720	480	67	0	34	99.99998	1.154403E-09	98.59203	0.06528564	3.692528E-08	-63.81478	97.8315	184.1496	-7.335643	2.953942	-0.9715419	97.07698	1.449243E-08	0.007504842	7.717751E-07	0.000367151	0.1218767	0.1004189	30.7909	4.475614E-06	59.48377	16.39602	99.64406	3.157605	2.632574E-06	0.003348995	0.6354089	1.243165	4.008036E-10	0.006716772	0.003041317	98.24949	0.001200008	0.08432234						
CKbyEmotion	20191217	S503-anger	0	MALE	FaceRecording-1	TestImage	AffRaw	20191217_161725464	2800			4	1	720	480	68	0	34	99.99998	1.236674E-09	98.57188	0.07416034	3.971763E-08	-63.90926	97.80584	182.623	-7.498427	3.014083	-0.3186517	97.11817	6.935809E-08	0.005008833	5.647343E-07	0.0003897261	0.1241959	0.1067968	31.00545	4.580361E-06	59.28199	16.27521	99.64502	3.242788	2.63288E-06	0.003352114	0.6358721	1.243165	4.032328E-10	0.00723248	0.003963062	98.10279	0.001225871	0.08127344						
CKbyEmotion	20191217	S503-anger	0	MALE	FaceRecording-1	TestImage	AffRaw	20191217_161725504	2840			4	1	720	480	69	0	34	99.99998	1.561684E-09	98.02087	0.07992062	4.3462E-08	-63.95295	97.73011	183.7803	-7.711574	3.187628	-1.096238	96.66756	1.148919E-08	0.001336133	1.424746E-07	0.0004659241	0.1132151	0.1335367	31.58666	4.205501E-06	54.63529	16.46078	99.63402	3.048571	2.634156E-06	0.003323783	0.6313225	1.243165	4.077441E-10	0.007894606	0.005154888	97.9806	0.001243531	0.0734937						
CKbyEmotion	20191217	S503-anger	0	MALE	FaceRecording-1	TestImage	AffRaw	20191217_161725544	2880			4	1	720	480	70	0	34	99.99998	1.860679E-09	97.38752	0.09617373	4.36874E-08	-62.96418	97.95656	181.0999	-7.026385	2.65054	-0.6089915	96.6197	5.772409E-10	0.0005639613	5.924788E-08	0.0003367484	0.0844774	0.1402296	28.7527	3.828378E-06	50.65757	16.37891	99.63309	2.701438	2.634478E-06	0.003321344	0.630604	1.243165	3.966884E-10	0.006106141	0.005306941	97.8169	0.001139437	0.07618114						
