#Study : CKbyEmotion
#Date : 20191217 17:25:43
#Version : 7.2.15327.0
#TestRunDate : 20191217 16:29:46.619 (+02:00)

StudyName	ExportDate	Name	Age	Gender	StimulusName	SlideType	EventSource	Timestamp	MediaTime	PostMarker	Annotation	version	Number of faces	width	height	FrameIndex	faceid	#classifiers	Brow Furrow	Brow Raise	Engagement	Lip Corner Depressor	Smile	Valence	Attention	Interocular Distance	Pitch	Yaw	Roll	InnerBrowRaise	EyeClosure	NoseWrinkle	UpperLipRaise	LipSuck	LipPress	MouthOpen	ChinRaise	Smirk	LipPucker	Anger	Sadness	Disgust	Joy	Surprise	Fear	Contempt	Cheek Raise	Dimpler	Eye Widen	Lid Tighten	Lip Stretch	Jaw Drop	LiveMarker	KeyStroke	MarkerText	SceneType	SceneOutput	SceneParent
CKbyEmotion	20191217	S503-contempt	0	MALE	FaceRecording-1	TestImage	AffRaw	20191217_162946699	80			4	1	720	480	0	0	34	0.01788321	0.01782397	0.0795393	0.0007113487	0.004470861	0	97.63268	177.9912	-4.368951	3.402717	-0.8662997	23.90002	4.776532E-06	2.603505E-05	4.470256E-06	0.01061954	0.0293124	0.07981346	0.002460129	0.0553357	0.004045688	0.0008914098	0.1176626	0.4261515	0.001829871	0.3112605	0.006777141	0.1938074	3.230605E-05	0.007735104	0.03655165	0.2121149	0.003502249	0.03212092						
CKbyEmotion	20191217	S503-contempt	0	MALE	FaceRecording-1	TestImage	AffRaw	20191217_162946739	120			4	1	720	480	1	0	34	0.008373261	0.0008735934	0.07935333	0.0006333095	0.008709866	-1.32151	98.31527	176.9851	-8.411397	1.667127	0.1359462	46.44869	6.855086E-07	1.841305E-05	2.10947E-06	0.01842654	0.05653073	0.03921173	0.003440058	0.1675488	0.01147552	0.0004219508	0.5251403	0.4255577	0.001831943	0.4876952	0.009970787	0.1960303	4.996662E-05	0.03402076	0.1417781	0.3507819	0.003476639	0.03702777						
CKbyEmotion	20191217	S503-contempt	0	MALE	FaceRecording-1	TestImage	AffRaw	20191217_162946779	160			4	1	720	480	2	0	34	0.004525057	0.0003265843	0.0795871	0.0006294703	0.02099391	0	98.4509	177.2082	-9.164209	1.240579	0.468671	38.1307	4.953945E-08	1.50667E-05	1.744149E-06	0.02301374	0.1015948	0.032748	0.006975566	0.3772984	0.01492067	0.0005609895	0.2992806	0.4250799	0.00183591	0.414219	0.008894978	0.2002405	0.0001057563	0.06496682	0.3911828	0.2463511	0.007001671	0.0265443						
CKbyEmotion	20191217	S503-contempt	0	MALE	FaceRecording-1	TestImage	AffRaw	20191217_162946819	200			4	1	720	480	3	0	34	0.001989566	0.0001344264	0.07960249	0.0006104418	0.02725956	0	98.4963	178.3798	-8.533	1.089538	0.4559977	30.15675	1.217188E-08	7.859952E-06	8.697931E-07	0.02810543	0.1068389	0.02287332	0.01001162	0.6131073	0.01576491	0.0007397531	0.1740795	0.4247161	0.001837779	0.3545203	0.008047346	0.2052045	0.0001232621	0.1206166	0.7236179	0.1785566	0.008953485	0.02804446						
CKbyEmotion	20191217	S503-contempt	0	MALE	FaceRecording-1	TestImage	AffRaw	20191217_162946859	240			4	1	720	480	4	0	34	0.001324135	0.000100113	0.07951622	0.000482084	0.03972165	0	98.23637	177.3263	-9.875463	1.899996	1.286204	23.37756	4.001843E-09	6.735026E-06	7.987351E-07	0.02640449	0.09230839	0.02404211	0.008643541	1.053732	0.009831602	0.0009593825	0.1069722	0.4244186	0.001841653	0.3130003	0.007977123	0.2148155	0.0001663938	0.1132135	1.774146	0.1783522	0.01188756	0.02970548						
CKbyEmotion	20191217	S503-contempt	0	MALE	FaceRecording-1	TestImage	AffRaw	20191217_162946899	280			4	1	720	480	5	0	34	0.0006781587	6.431517E-05	0.07954543	0.0004229709	0.04938902	0	98.346	177.602	-8.465938	1.573528	0.9634212	24.4696	2.273303E-09	3.938281E-06	4.888039E-07	0.03103926	0.07252178	0.02016092	0.007185485	1.701573	0.009072303	0.001072994	0.09911735	0.4240316	0.001844518	0.3345318	0.01268104	0.2299184	0.0001752095	0.121038	6.239165	0.164636	0.01429748	0.04534995						
CKbyEmotion	20191217	S503-contempt	0	MALE	FaceRecording-1	TestImage	AffRaw	20191217_162946939	320			4	1	720	480	6	0	34	0.0006911792	5.513007E-05	0.07970159	0.0003218153	0.06312856	0	97.9434	178.7102	-9.850231	2.683334	1.779283	21.49585	2.036323E-09	5.912849E-06	7.906229E-07	0.03422429	0.1132697	0.02596658	0.008519924	2.448258	0.006455538	0.001342697	0.07156968	0.4236304	0.001848864	0.3273868	0.01758846	0.2485993	0.0002735232	0.1126493	10.01363	0.1577318	0.01783898	0.04161597						
CKbyEmotion	20191217	S503-contempt	0	MALE	FaceRecording-1	TestImage	AffRaw	20191217_162946979	360			4	1	720	480	7	0	34	0.0008069621	5.603814E-05	0.08006766	0.000356347	0.09523088	0	98.49353	178.4481	-9.487761	1.098913	0.9585786	21.69402	9.131506E-10	8.008452E-06	1.156562E-06	0.04019676	0.1102908	0.03630409	0.008459481	3.104049	0.006173826	0.001808766	0.05325711	0.4227021	0.001858936	0.3603989	0.04412502	0.2658525	0.0004538213	0.1230267	19.20592	0.142548	0.02152647	0.05474759						
