#Study : CKbyEmotion
#Date : 20191217 17:25:43
#Version : 7.2.15327.0
#TestRunDate : 20191217 16:29:46.561 (+02:00)

StudyName	ExportDate	Name	Age	Gender	StimulusName	SlideType	EventSource	Timestamp	MediaTime	PostMarker	Annotation	version	Number of faces	width	height	FrameIndex	faceid	#classifiers	Brow Furrow	Brow Raise	Engagement	Lip Corner Depressor	Smile	Valence	Attention	Interocular Distance	Pitch	Yaw	Roll	InnerBrowRaise	EyeClosure	NoseWrinkle	UpperLipRaise	LipSuck	LipPress	MouthOpen	ChinRaise	Smirk	LipPucker	Anger	Sadness	Disgust	Joy	Surprise	Fear	Contempt	Cheek Raise	Dimpler	Eye Widen	Lid Tighten	Lip Stretch	Jaw Drop	LiveMarker	KeyStroke	MarkerText	SceneType	SceneOutput	SceneParent
CKbyEmotion	20191217	S502-contempt	0	MALE	FaceRecording-1	TestImage	AffRaw	20191217_162946641	80			4	1	720	480	0	0	34	0.04872616	0.009839733	0.0926904	0.0007602358	0.2299126	0	98.42304	179.4178	-4.312375	1.331097	1.578625	6.423811	4.631715E-08	0.02747364	0.1407	0.0002379477	0.00656505	2.193007	0.0022025	0.006994832	0.01640917	0.001718639	0.03248212	0.4402621	0.001969536	0.2339115	0.005637447	0.1896992	0.04928525	0.003154406	1.251548	1.366492	0.0004470203	0.04869173						
CKbyEmotion	20191217	S502-contempt	0	MALE	FaceRecording-1	TestImage	AffRaw	20191217_162946681	120			4	1	720	480	1	0	34	0.11225	0.004958485	0.08499666	0.001187281	0.119953	0	98.09745	179.5569	-4.678304	2.286165	2.189337	5.310726	1.04081E-08	0.02322194	0.06928998	0.0005081352	0.00621491	0.9152656	0.001793847	0.009811945	0.02683782	0.002388045	0.02302041	0.431858	0.001882453	0.2432725	0.01481001	0.1915519	0.02020959	0.004455593	11.00208	1.284096	0.0006460382	0.05311643						
CKbyEmotion	20191217	S502-contempt	0	MALE	FaceRecording-1	TestImage	AffRaw	20191217_162946721	160			4	1	720	480	2	0	34	0.1231737	0.001927102	0.08237986	0.0007524624	0.08261533	0	98.08984	179.546	-4.038783	2.306509	4.022638	6.725817	6.024507E-09	0.01446466	0.02900458	0.000844181	0.00731906	0.46618	0.001270226	0.01546877	0.01790124	0.004336603	0.01358382	0.428343	0.00185463	0.2993317	0.1037952	0.1922426	0.0109226	0.01113981	30.20973	0.8775803	0.001041979	0.03253784						
CKbyEmotion	20191217	S502-contempt	0	MALE	FaceRecording-1	TestImage	AffRaw	20191217_162946761	200			4	1	720	480	3	0	34	0.1359089	0.0007366253	0.08076344	0.0008206388	0.08295153	0	97.9848	179.4144	-5.554602	2.579532	4.294063	9.038403	9.607581E-09	0.01317834	0.01672687	0.003148545	0.02074459	0.175788	0.001944042	0.07402129	0.01712545	0.002915153	0.02208021	0.425763	0.0018435	0.2824856	0.04117684	0.1934813	0.01063279	0.0700626	20.56974	0.959327	0.004002638	0.03943564						
CKbyEmotion	20191217	S502-contempt	0	MALE	FaceRecording-1	TestImage	AffRaw	20191217_162946801	240			4	1	720	480	4	0	34	0.1314833	0.0006032845	0.08025711	0.0009245399	0.06811182	0	97.74179	181.349	-4.133386	3.161205	5.502316	9.678482	1.693353E-09	0.007061947	0.006317273	0.008280407	0.05570517	0.09209605	0.002050008	0.2454241	0.01476144	0.002603115	0.0253524	0.4249976	0.001836773	0.2776701	0.03156297	0.1972327	0.007449256	0.2117208	17.78669	0.8117372	0.0108794	0.02043187						
CKbyEmotion	20191217	S502-contempt	0	MALE	FaceRecording-1	TestImage	AffRaw	20191217_162946841	280			4	1	720	480	5	0	34	0.1536421	0.0004147211	0.08045819	0.001501918	0.05900838	0	97.8658	178.7626	-5.282162	2.872469	5.925053	7.95923	4.440736E-09	0.00622202	0.00436846	0.03634151	0.104998	0.08066746	0.004448385	1.328688	0.01545643	0.003286744	0.01906317	0.4245252	0.001831012	0.2820595	0.05144216	0.221481	0.005969885	0.5123892	22.94493	0.7910135	0.02768175	0.02821895						
CKbyEmotion	20191217	S502-contempt	0	MALE	FaceRecording-1	TestImage	AffRaw	20191217_162946881	320			4	1	720	480	6	0	34	0.182498	0.0003496113	0.0812858	0.002495295	0.06297709	0	97.47268	181.0866	-5.941795	3.73794	6.52486	9.41816	9.904166E-09	0.005545708	0.002999506	0.09717146	0.2195243	0.05253359	0.008414211	4.911207	0.02219818	0.002625872	0.02518069	0.422878	0.001827813	0.274476	0.0306267	0.3238228	0.006160635	0.5622958	17.50962	0.8324123	0.03605237	0.04232984						
CKbyEmotion	20191217	S502-contempt	0	MALE	FaceRecording-1	TestImage	AffRaw	20191217_162946921	360			4	1	720	480	7	0	34	0.1730055	0.0003701823	0.08379003	0.003486806	0.06247855	0	97.2831	181.9744	-5.040388	4.109325	6.455371	9.010081	1.768432E-09	0.002883154	0.0009040175	0.3220391	0.65417	0.03682828	0.01514654	15.64505	0.02336916	0.003070088	0.02123821	0.4180155	0.001828276	0.2833055	0.0451979	1.005922	0.005520492	0.9740583	21.46922	0.8431754	0.06388205	0.04923947						
CKbyEmotion	20191217	S502-contempt	0	MALE	FaceRecording-1	TestImage	AffRaw	20191217_162946961	400			4	1	720	480	8	0	34	0.1772293	0.0002674412	0.08767169	0.005240432	0.05776297	0	97.21774	182.9085	-5.096764	4.231575	6.432534	8.217425	5.945907E-10	0.001266976	0.0002390613	0.7825176	1.284482	0.02711156	0.02381125	33.49788	0.02454259	0.003132675	0.02040976	0.4086893	0.001826044	0.2761981	0.0407709	6.345545	0.004524306	0.8982894	20.56247	0.8458534	0.07332873	0.04640989						
