#Study : CKbyEmotion
#Date : 20191217 20:49:59
#Version : 7.2.15327.0
#TestRunDate : 20191217 19:48:27.863 (+02:00)

StudyName	ExportDate	Name	Age	Gender	StimulusName	SlideType	EventSource	Timestamp	MediaTime	PostMarker	Annotation	version	Number of faces	width	height	FrameIndex	faceid	#classifiers	Brow Furrow	Brow Raise	Engagement	Lip Corner Depressor	Smile	Valence	Attention	Interocular Distance	Pitch	Yaw	Roll	InnerBrowRaise	EyeClosure	NoseWrinkle	UpperLipRaise	LipSuck	LipPress	MouthOpen	ChinRaise	Smirk	LipPucker	Anger	Sadness	Disgust	Joy	Surprise	Fear	Contempt	Cheek Raise	Dimpler	Eye Widen	Lid Tighten	Lip Stretch	Jaw Drop	LiveMarker	KeyStroke	MarkerText	SceneType	SceneOutput	SceneParent
CKbyEmotion	20191217	S130-surprise	0	MALE	FaceRecording-1	TestImage	AffRaw	20191217_194827943	80			4	1	640	490	0	0	34	1.594821	6.211837E-05	0.4789111	0.0004664541	0.0003313961	0	95.37286	151.5039	-5.05753	6.87073	7.289447	0.2297094	1.383881E-09	0.006042885	0.010846	8.693388E-05	0.009788757	23.69264	0.002054384	4.552827E-05	0.6308055	0.004919304	0.01233501	0.654339	0.002535138	0.3203995	0.004940865	0.1985064	3.54622E-06	0.001344092	0.3606424	0.01128493	0.0005009348	0.2510973						
CKbyEmotion	20191217	S130-surprise	0	MALE	FaceRecording-1	TestImage	AffRaw	20191217_194827983	120			4	1	640	490	1	0	34	1.924743	4.584867E-05	0.489262	0.0006778954	0.0001417489	0	92.93804	150.6636	-7.557354	9.113952	7.461042	0.551159	8.95492E-10	0.004035477	0.006451169	8.420763E-05	0.01098994	23.66354	0.002273575	6.738934E-05	0.5443105	0.004984851	0.0130268	0.6537664	0.002479594	0.3151769	0.004912985	0.199739	9.954022E-07	0.001542523	0.1376967	0.01315776	0.0004535768	0.242941						
CKbyEmotion	20191217	S130-surprise	0	MALE	FaceRecording-1	TestImage	AffRaw	20191217_194828023	160			4	1	640	490	2	0	34	2.51314	9.782361E-05	0.658969	0.002384502	0.0003748771	0	92.69989	148.9812	-8.384491	9.29261	7.767977	0.4023577	1.18086E-09	0.01395392	0.02597797	0.0001051298	0.01539887	27.26793	0.004847537	6.010903E-05	0.4593859	0.005941709	0.01186226	0.6989272	0.0025476	0.3331447	0.005101373	0.2019467	3.601082E-06	0.002271861	0.3679089	0.0179994	0.0005538979	0.3173696						
CKbyEmotion	20191217	S130-surprise	0	MALE	FaceRecording-1	TestImage	AffRaw	20191217_194828063	200			4	1	640	490	3	0	34	2.828393	8.243626E-05	1.190116	0.002883519	0.0004715327	0	93.53677	149.8724	-7.761765	8.638878	7.715343	0.3499452	2.077991E-09	0.02338262	0.04617859	0.0001819745	0.02152581	35.30356	0.006094866	6.283179E-05	0.6410251	0.007990073	0.009187799	0.8093205	0.002888195	0.4002883	0.00526209	0.2031401	5.874237E-06	0.003549178	0.5992409	0.01639882	0.0007426605	0.3695015						
CKbyEmotion	20191217	S130-surprise	0	MALE	FaceRecording-1	TestImage	AffRaw	20191217_194828103	240			4	1	640	490	4	0	34	2.174231	6.803837E-05	1.110356	0.001745387	0.0003655477	0	92.72709	149.909	-8.876371	9.272482	7.754039	0.3002335	2.680669E-10	0.01403255	0.03039467	0.000260627	0.01545435	34.97524	0.00449613	5.843607E-05	0.5677454	0.00749844	0.008750959	0.8033659	0.002996553	0.4133784	0.00525892	0.2006701	4.081021E-06	0.003780646	0.8201513	0.01375868	0.0008363154	0.3721719						
CKbyEmotion	20191217	S130-surprise	0	MALE	FaceRecording-1	TestImage	AffRaw	20191217_194828143	280			4	1	640	490	5	0	34	0.8647391	0.0002127674	1.395238	0.001513022	0.0003080145	0	92.2335	148.0907	-8.712192	9.627481	7.366081	0.2857876	2.924349E-10	0.004620492	0.01273033	0.0002859404	0.01672942	39.52249	0.004553193	4.078973E-05	0.6401683	0.007827933	0.006601626	0.8706477	0.003546042	0.5049233	0.00552822	0.1958131	2.543362E-06	0.003672167	1.752918	0.01293239	0.0007168274	0.355474						
CKbyEmotion	20191217	S130-surprise	0	MALE	FaceRecording-1	TestImage	AffRaw	20191217_194828183	320			4	1	640	490	6	0	34	0.5823388	0.0002583077	2.089952	0.001378755	0.0002937874	0	93.88641	148.8699	-8.384042	8.342139	8.154959	0.2292123	5.272315E-10	0.003656749	0.01219037	0.0004435598	0.02032176	45.56094	0.006819449	4.333651E-05	0.6931433	0.009371041	0.004872331	0.9705983	0.004031334	0.6119602	0.006864415	0.1947812	2.309582E-06	0.004345197	4.076761	0.0096678	0.0009830508	0.5216039						
CKbyEmotion	20191217	S130-surprise	0	MALE	FaceRecording-1	TestImage	AffRaw	20191217_194828223	360			4	1	640	490	7	0	34	0.3149075	0.0007025606	2.880601	0.001844177	0.0003124774	0	93.50517	149.218	-8.079072	8.664958	7.727692	0.1781777	6.108971E-11	0.001920886	0.009504958	0.0005793306	0.02800678	50.4339	0.01013102	4.672936E-05	0.8294571	0.01080206	0.003765935	1.059291	0.00448252	0.7192689	0.008365089	0.1938087	2.149079E-06	0.005317716	6.223688	0.007279461	0.001266795	0.7369919						
CKbyEmotion	20191217	S130-surprise	0	MALE	FaceRecording-1	TestImage	AffRaw	20191217_194828263	400			4	1	640	490	8	0	34	0.1479588	0.006277625	6.301945	0.001853187	0.0002767555	0	93.36034	148.9608	-6.608772	8.782981	6.329817	0.152818	7.62844E-09	0.0005203346	0.00520438	0.0006582977	0.03656367	62.06297	0.01230419	6.406652E-05	1.283014	0.01570735	0.002753126	1.305088	0.005597677	0.9471284	0.006329894	0.193205	1.548691E-06	0.006351771	3.557941	0.006589562	0.001544834	0.9189581						
CKbyEmotion	20191217	S130-surprise	0	MALE	FaceRecording-1	TestImage	AffRaw	20191217_194828303	440			4	1	640	490	9	0	34	0.08116738	0.05689611	17.60473	0.001789543	0.0003226917	0	96.05064	148.5538	-3.089668	6.043389	5.219783	0.1160269	14.39961	6.310766E-05	0.001180719	0.001197753	0.06872945	78.31178	0.02877635	0.0001413867	1.568879	0.02681807	0.001486189	1.746204	0.007542004	1.473841	0.007472849	0.1929645	1.430612E-06	0.009982985	5.526826	0.01161114	0.001497231	1.709584						
CKbyEmotion	20191217	S130-surprise	0	MALE	FaceRecording-1	TestImage	AffRaw	20191217_194828343	480			4	1	640	490	10	0	34	0.0552834	0.3964787	32.38854	0.001874216	0.0003052523	0	93.48498	149.6865	0.2124768	8.681546	4.68918	0.1068046	99.99988	1.010744E-05	0.0003749226	0.002447406	0.1602193	89.2999	0.09506992	0.0002455213	1.6808	0.03790276	0.000979717	2.126069	0.009123315	2.019777	0.008047692	0.1928736	1.194496E-06	0.01023806	6.662429	0.01634317	0.001460865	2.522843						
CKbyEmotion	20191217	S130-surprise	0	MALE	FaceRecording-1	TestImage	AffRaw	20191217_194828383	520			4	1	640	490	11	0	34	0.04213334	4.614761	49.38465	0.001847081	0.0003930177	0	89.699	151.232	-1.010056	11.17891	5.378302	0.1965578	62.51524	2.730633E-06	0.0002251787	0.002497799	0.3487858	95.04062	0.113724	0.000450065	2.147484	0.03621782	0.0007108571	2.35446	0.008828945	3.01274	0.007013519	0.192829	1.369703E-06	0.008163422	7.437279	0.01634321	0.001066848	4.787044						
CKbyEmotion	20191217	S130-surprise	0	MALE	FaceRecording-1	TestImage	AffRaw	20191217_194828423	560			4	1	640	490	12	0	34	0.02105084	47.50682	95.78698	0.001842883	0.0003909892	0	87.16846	147.3171	-1.955566	12.42032	3.724432	0.2750291	1.224199E-05	4.703338E-07	0.0001024431	0.002404015	0.6258727	96.22845	0.1232641	0.0007156947	3.723994	0.003543939	0.0002265255	2.403992	0.002219624	22.72012	0.001663704	0.1927584	1.144659E-06	0.006505006	8.359961	0.01347238	0.0007942961	7.846392						
CKbyEmotion	20191217	S130-surprise	0	MALE	FaceRecording-1	TestImage	AffRaw	20191217_194828463	600			4	1	640	490	13	0	34	0.009555232	93.14874	99.8522	0.001377006	0.0003388259	0	88.5647	146.567	1.526956	11.76486	3.410571	0.4308674	2.315516E-08	3.01219E-08	1.611564E-05	0.00204604	1.044184	98.06896	0.1895458	0.001025097	7.223318	0.0003038393	4.930102E-05	2.483312	0.0005157298	79.19039	0.0007760311	0.192724	8.231157E-07	0.005785102	18.11201	0.01097961	0.0005877296	14.40578						
CKbyEmotion	20191217	S130-surprise	0	MALE	FaceRecording-1	TestImage	AffRaw	20191217_194828503	640			4	1	640	490	14	0	34	0.005190641	99.4449	99.91202	0.001044305	0.0002614216	0	87.00954	147.5108	2.054339	12.49099	3.332739	0.5635999	1.790704E-10	1.514702E-09	1.999032E-06	0.001983603	1.353019	99.04359	0.2475252	0.001443902	11.63982	0.0002206688	1.395116E-05	2.526484	0.0004273144	89.48025	0.01259948	0.192718	5.056137E-07	0.004435008	50.38792	0.00806377	0.0004086589	21.37944						
CKbyEmotion	20191217	S130-surprise	0	MALE	FaceRecording-1	TestImage	AffRaw	20191217_194828543	680			4	1	640	490	15	0	34	0.003351308	99.94641	99.91772	0.0009422074	0.0001890598	0	89.47476	147.0267	1.26159	11.2991	3.700893	0.782308	3.605155E-11	1.953212E-10	3.721313E-07	0.001997364	1.355798	99.48029	0.3070605	0.001958962	17.50054	0.0002157757	5.31007E-06	2.546237	0.0004237555	93.2863	0.1648354	0.1927229	2.95428E-07	0.004269145	78.98575	0.005333165	0.0003458914	29.59459						
CKbyEmotion	20191217	S130-surprise	0	MALE	FaceRecording-1	TestImage	AffRaw	20191217_194828583	720			4	1	640	490	16	0	34	0.002050966	99.99326	99.91914	0.0007707634	0.0001506804	0	88.39239	146.6137	1.585718	11.84938	4.127097	1.143844	3.525069E-11	3.209043E-11	1.05442E-07	0.001837192	1.540921	99.67848	0.4232536	0.002658951	23.00834	0.0002952859	3.292271E-06	2.555189	0.0004246669	94.93348	0.572715	0.192733	1.993213E-07	0.003567411	93.72089	0.00388894	0.0003163218	36.44672						
CKbyEmotion	20191217	S130-surprise	0	MALE	FaceRecording-1	TestImage	AffRaw	20191217_194828623	760			4	1	640	490	17	0	34	0.001326056	99.99883	99.91988	0.0007419314	0.000129521	0	89.88048	147.1978	3.603684	11.07993	3.553807	1.867775	7.81856E-11	4.240365E-12	1.828987E-08	0.001473672	1.331507	99.80202	0.5626068	0.003605311	30.52004	0.0003393378	2.945066E-06	2.560946	0.0004255628	96.01644	0.6835988	0.1927501	1.402173E-07	0.002831446	98.4877	0.003152499	0.0002821938	45.75994						
