#Study : ck_happy
#Date : 20201109 13:28:55
#Version : 7.2.17995.2
#TestRunDate : 20201109 13:22:16.596 (+02:00)

StudyName	ExportDate	Name	Age	Gender	StimulusName	SlideType	EventSource	Timestamp	MediaTime	PostMarker	Annotation	version	Number of faces	width	height	FrameIndex	faceid	#classifiers	Brow Furrow	Brow Raise	Engagement	Lip Corner Depressor	Smile	Valence	Attention	Interocular Distance	Pitch	Yaw	Roll	InnerBrowRaise	EyeClosure	NoseWrinkle	UpperLipRaise	LipSuck	LipPress	MouthOpen	ChinRaise	Smirk	LipPucker	Anger	Sadness	Disgust	Joy	Surprise	Fear	Contempt	Cheek Raise	Dimpler	Eye Widen	Lid Tighten	Lip Stretch	Jaw Drop	LiveMarker	KeyStroke	MarkerText	SceneType	SceneOutput	SceneParent
ck_happy	20201109	S131-happy	0	MALE	FaceRecording-1	TestImage	AffRaw	20201109_132216676	80			4	1	640	490	0	0	34	0.03875641	1.243542E-06	0.07931605	0.003937288	2.843729E-06	0	97.70395	146.1811	-6.324633	3.246256	-2.060422	13.89193	2.053811E-11	7.532268E-08	4.526281E-10	0.001594364	0.006982235	0.01535311	0.002739232	6.033255E-05	0.01956249	0.001245972	0.06079233	0.4260902	0.001824962	0.2543195	0.005707487	0.1928145	2.218698E-10	0.002717255	1.596569E-06	0.06531604	0.0004499209	0.1157605						
ck_happy	20201109	S131-happy	0	MALE	FaceRecording-1	TestImage	AffRaw	20201109_132216716	120			4	1	640	490	1	0	34	0.006571865	3.892595E-08	0.07926185	0.00642436	2.072666E-06	0	97.86256	147.254	-9.082136	2.880198	-3.509718	8.083261	1.358494E-10	1.675682E-09	3.780576E-12	0.001839082	0.008515221	0.01042587	0.002937587	4.473831E-05	0.03530037	0.001508134	0.04119009	0.426241	0.001828646	0.2269763	0.005172141	0.1926981	3.755832E-11	0.002449933	1.16886E-06	0.0664415	0.0005829952	0.1330328						
ck_happy	20201109	S131-happy	0	MALE	FaceRecording-1	TestImage	AffRaw	20201109_132216756	160			4	1	640	490	2	0	34	0.004520218	2.549148E-08	0.0791925	0.003510494	3.487254E-06	0	97.86497	147.5296	-8.719964	2.874458	-3.544067	12.42739	1.383237E-10	1.78734E-09	5.046615E-12	0.00162411	0.005060639	0.01394253	0.0021605	6.353315E-05	0.01539009	0.001304556	0.05500286	0.4261875	0.001829009	0.2474259	0.00556617	0.192691	5.973948E-11	0.002365951	1.384132E-06	0.0874581	0.0007171009	0.1018751						
ck_happy	20201109	S131-happy	0	MALE	FaceRecording-1	TestImage	AffRaw	20201109_132216796	200			4	1	640	490	3	0	34	0.002683707	1.070661E-08	0.07914015	0.001325984	1.052856E-05	0	97.90506	148.6159	-9.467246	2.777651	-4.254117	12.22309	1.703247E-11	2.273702E-09	7.020684E-12	0.0013181	0.00575821	0.009949332	0.001746095	0.0001622747	0.02104717	0.00131323	0.05425562	0.4260986	0.001829098	0.2463288	0.005550676	0.1926863	1.831911E-10	0.002548859	1.337538E-06	0.09666931	0.001140291	0.08292493						
ck_happy	20201109	S131-happy	0	MALE	FaceRecording-1	TestImage	AffRaw	20201109_132216836	240			4	1	640	490	4	0	34	0.002110274	2.106637E-08	0.07917737	0.001204364	6.46383E-05	0	97.5894	147.7341	-9.254354	3.495548	-3.842104	12.38192	7.49664E-11	5.898513E-09	2.226688E-11	0.00120481	0.009151704	0.01015412	0.002392616	0.001275576	0.02259511	0.00130625	0.05482676	0.4261467	0.00182919	0.2470905	0.005566664	0.1927062	1.336796E-09	0.006582872	1.763308E-06	0.100304	0.003077395	0.07687569						
ck_happy	20201109	S131-happy	0	MALE	FaceRecording-1	TestImage	AffRaw	20201109_132216876	280			4	1	640	490	5	0	34	0.001624623	2.315675E-08	0.0792044	0.001364963	0.0005120224	0	98.08424	147.1543	-8.49042	2.321424	-3.537151	11.22166	2.946476E-10	9.475692E-09	3.268587E-11	0.001697932	0.02466864	0.009566984	0.006052625	0.006255423	0.01862398	0.001357862	0.05073212	0.4261528	0.001829363	0.2415192	0.005458085	0.1927998	1.099816E-08	0.02484761	1.32001E-06	0.08687306	0.01249392	0.09331538						
ck_happy	20201109	S131-happy	0	MALE	FaceRecording-1	TestImage	AffRaw	20201109_132216916	320			4	1	640	490	6	0	34	0.0009449114	1.849767E-08	0.07943614	0.0007674269	0.007334592	0	97.79048	146.2115	-8.732548	3.049754	-3.503703	11.75181	6.898645E-11	9.774769E-09	2.483226E-11	0.003840817	0.07856745	0.01147818	0.0204231	0.01561712	0.008526841	0.001334177	0.05247656	0.4260297	0.00183155	0.2440463	0.005514888	0.1928903	1.550265E-07	0.06827098	1.355265E-06	0.09394882	0.07481024	0.08047636						
ck_happy	20201109	S131-happy	0	MALE	FaceRecording-1	TestImage	AffRaw	20201109_132216956	360			4	1	640	490	7	0	34	0.001152433	6.717994E-08	0.08110657	0.0005050765	0.05091934	0	97.36441	142.9905	-10.70549	3.95324	-3.541767	11.43058	1.111089E-10	2.550349E-08	5.649874E-11	0.008678535	0.3699413	0.02086019	0.05696575	0.03093305	0.004214577	0.001346615	0.05094877	0.4250962	0.001844951	0.2425497	0.005524584	0.1925753	1.35661E-06	0.1323747	1.392372E-06	0.1130927	0.4774164	0.08227477						
ck_happy	20201109	S131-happy	0	MALE	FaceRecording-1	TestImage	AffRaw	20201109_132216996	400			4	1	640	490	8	0	34	0.001393125	1.674039E-07	0.09712198	0.0003788785	0.3103544	0	97.34916	141.6325	-10.6513	3.982879	-4.332427	10.69369	1.967706E-09	3.423941E-07	6.074303E-10	0.0146438	2.894802	0.05626552	0.1474119	0.04974086	0.002264495	0.001360965	0.04565468	0.4188994	0.001926167	0.2391681	0.005541125	0.1892494	1.007378E-05	0.1580863	1.640143E-06	0.1511277	1.765903	0.07194068						
ck_happy	20201109	S131-happy	0	MALE	FaceRecording-1	TestImage	AffRaw	20201109_132217036	440			4	1	640	490	9	0	34	0.002182253	4.539655E-07	0.1640413	0.0004042258	1.067901	0	98.13538	140.3715	-7.619773	2.183558	-3.797681	10.39191	9.457907E-09	6.958328E-06	1.132015E-08	0.01219954	10.2415	0.1753888	0.2501928	0.07076396	0.001462286	0.001311433	0.03749661	0.4006522	0.002184979	0.2384131	0.005683703	0.1792172	4.796558E-05	0.1270846	1.646823E-06	0.1860541	4.998118	0.06871239						
ck_happy	20201109	S131-happy	0	MALE	FaceRecording-1	TestImage	AffRaw	20201109_132217076	480			4	1	640	490	10	0	34	0.002327887	8.232004E-07	0.1834885	0.000346333	3.352531	0	98.38192	138.4707	-6.367925	1.46192	-4.690467	9.713754	5.775312E-08	8.671255E-05	1.258183E-07	0.01140257	11.81256	0.740244	0.3424087	0.06301326	0.0009344866	0.001155421	0.02942435	0.3505017	0.003208185	0.2386231	0.004978062	0.1509146	0.0002010411	0.06278875	1.825835E-06	0.23001	6.261795	0.08536392						
ck_happy	20201109	S131-happy	0	MALE	FaceRecording-1	TestImage	AffRaw	20201109_132217116	520			4	1	640	490	11	0	34	0.00362091	1.590691E-06	0.2498652	0.0003609456	8.073487	0	98.62936	139.8354	-5.518137	0.6195813	-4.874311	9.728836	1.123622E-06	0.001151986	1.395408E-06	0.009025018	6.279948	2.7173	0.4086482	0.07236814	0.001241964	0.0008538436	0.02207875	0.269445	0.007199752	0.2509062	0.00392868	0.1060711	0.0006392409	0.03512723	2.071813E-06	0.302624	9.413798	0.118707						
ck_happy	20201109	S131-happy	0	MALE	FaceRecording-1	TestImage	AffRaw	20201109_132217156	560			4	1	640	490	12	0	34	0.004637956	2.572243E-06	0.9325516	0.0003662228	17.34058	9.041409	98.46301	139.4035	-7.344302	1.200754	-4.480644	8.938991	4.358731E-06	0.01151494	1.38165E-05	0.006613408	1.325032	9.009444	0.3919226	0.0851922	0.001149875	0.000589218	0.009946647	0.167411	0.03676404	0.2893025	0.002013517	0.05303702	0.00173457	0.01561997	2.092435E-06	0.3849972	8.002481	0.1853344						
ck_happy	20201109	S131-happy	0	MALE	FaceRecording-1	TestImage	AffRaw	20201109_132217196	600			4	1	640	490	13	0	34	0.003908631	3.411902E-06	7.142344	0.000305404	32.04481	24.94214	98.46608	137.8251	-7.553307	1.190565	-4.530548	8.629921	9.245368E-06	0.06933288	8.782602E-05	0.006317911	0.250725	36.00079	0.6636273	0.1042114	0.001288254	0.0005566091	0.001513727	0.1075568	0.6619524	0.5646511	0.0008103778	0.01764643	0.004618351	0.01182719	2.323907E-06	0.6013934	11.20509	0.3280746						
ck_happy	20201109	S131-happy	0	MALE	FaceRecording-1	TestImage	AffRaw	20201109_132217236	640			4	1	640	490	14	0	34	0.003726552	4.793279E-06	49.57138	0.0003492768	49.87998	43.66454	98.46461	139.5036	-6.70508	1.195446	-4.647719	9.036705	1.969244E-05	0.14468	0.0001999968	0.005606449	0.03547536	76.3204	0.8919031	0.08782003	0.001223873	0.0006486335	0.0001239714	0.07277545	20.43196	1.549316	0.0002295138	0.004624098	0.01013956	0.008018253	2.673358E-06	0.901296	8.244637	0.4868709						
ck_happy	20201109	S131-happy	0	MALE	FaceRecording-1	TestImage	AffRaw	20201109_132217276	680			4	1	640	490	15	0	34	0.003765494	6.732868E-06	89.96384	0.0003540777	65.35249	59.99446	98.52666	138.6974	-6.24197	0.9860374	-4.499295	8.355683	1.823754E-05	0.2496474	0.0004057599	0.00568056	0.01180547	94.90824	1.62443	0.07707728	0.001491232	0.0004524557	2.273607E-05	0.03968333	81.91071	2.421558	8.373356E-05	0.00144735	0.01993005	0.006494048	2.694125E-06	1.368215	9.920461	0.7080138						
ck_happy	20201109	S131-happy	0	MALE	FaceRecording-1	TestImage	AffRaw	20201109_132217316	720			4	1	640	490	16	0	34	0.003718281	8.609646E-06	96.0769	0.0003184263	72.38786	66.98055	98.28365	138.594	-7.3686	1.761705	-4.611226	8.994738	9.506681E-06	0.1397361	0.0002269448	0.005912538	0.005739614	99.18775	2.66417	0.06795452	0.001353167	0.0003310528	1.287096E-05	0.02845275	93.93098	2.731146	4.865332E-05	0.0008530964	0.03568498	0.004427005	3.123082E-06	2.180071	6.786423	0.893831						
ck_happy	20201109	S131-happy	0	MALE	FaceRecording-1	TestImage	AffRaw	20201109_132217356	760			4	1	640	490	17	0	34	0.00449631	1.254713E-05	98.55917	0.0003620988	79.57804	74.2023	98.50127	139.1943	-6.216496	1.07272	-4.557304	8.527175	3.862381E-06	0.1784408	0.0003118998	0.005799801	0.004783294	99.87553	4.338414	0.05453576	0.001708493	0.0002249199	7.550442E-06	0.01930401	98.07043	2.769251	2.996025E-05	0.0004968066	0.05691588	0.002358481	3.134552E-06	3.186836	7.307014	1.216341						
ck_happy	20201109	S131-happy	0	MALE	FaceRecording-1	TestImage	AffRaw	20201109_132217396	800			4	1	640	490	18	0	34	0.004571353	1.618393E-05	99.42934	0.0003794621	86.12272	80.80528	98.45249	138.5652	-6.263948	1.235366	-5.193831	9.469325	2.563476E-06	0.0741377	0.0001318339	0.005069574	0.006307587	99.98219	4.65566	0.03691991	0.001535096	0.0001553181	5.178639E-06	0.01366195	99.33157	2.843575	1.828965E-05	0.0003035305	0.09287029	0.0009564199	3.459727E-06	5.221582	4.772868	1.503603						
ck_happy	20201109	S131-happy	0	MALE	FaceRecording-1	TestImage	AffRaw	20201109_132217436	840			4	1	640	490	19	0	34	0.005378821	2.137198E-05	99.65923	0.0003805105	89.74818	84.82779	98.35946	139.4474	-6.133864	1.531991	-4.632708	9.435299	2.496834E-06	0.07932607	0.0001456392	0.00292807	0.005975016	99.99724	4.171525	0.02987683	0.001815688	0.000138467	4.055917E-06	0.01202433	99.62965	2.856127	1.430919E-05	0.0002310976	0.1389689	0.0003893435	3.432305E-06	7.718927	4.970786	1.747907						
ck_happy	20201109	S131-happy	0	MALE	FaceRecording-1	TestImage	AffRaw	20201109_132217476	880			4	1	640	490	20	0	34	0.005508265	2.546775E-05	99.69106	0.0003649218	90.4368	85.58671	98.66042	138.3117	-6.320783	0.5033841	-4.796456	10.20164	2.451382E-06	0.126327	0.0003362831	0.001626197	0.006034437	99.99943	3.319734	0.02726999	0.001742588	0.000146425	4.076811E-06	0.01271501	99.66899	2.907023	1.323229E-05	0.000219405	0.2025087	0.0001742877	3.566896E-06	10.39167	3.353913	1.888553						
ck_happy	20201109	S131-happy	0	MALE	FaceRecording-1	TestImage	AffRaw	20201109_132217516	920			4	1	640	490	21	0	34	0.006199662	3.184941E-05	99.77225	0.0003909542	92.57675	88.15714	98.27493	138.2666	-6.267315	1.787507	-5.611411	10.04529	2.01579E-06	0.2104622	0.0006459987	0.001043442	0.00664946	99.99983	2.481988	0.02185966	0.001980328	0.0001423775	3.498266E-06	0.01237967	99.76656	2.91154	1.143481E-05	0.0001867668	0.2794277	0.0001069984	3.041881E-06	12.5526	3.640981	2.126417						
