#Study : CKbyEmotion
#Date : 20191217 17:25:43
#Version : 7.2.15327.0
#TestRunDate : 20191217 16:29:46.325 (+02:00)

StudyName	ExportDate	Name	Age	Gender	StimulusName	SlideType	EventSource	Timestamp	MediaTime	PostMarker	Annotation	version	Number of faces	width	height	FrameIndex	faceid	#classifiers	Brow Furrow	Brow Raise	Engagement	Lip Corner Depressor	Smile	Valence	Attention	Interocular Distance	Pitch	Yaw	Roll	InnerBrowRaise	EyeClosure	NoseWrinkle	UpperLipRaise	LipSuck	LipPress	MouthOpen	ChinRaise	Smirk	LipPucker	Anger	Sadness	Disgust	Joy	Surprise	Fear	Contempt	Cheek Raise	Dimpler	Eye Widen	Lid Tighten	Lip Stretch	Jaw Drop	LiveMarker	KeyStroke	MarkerText	SceneType	SceneOutput	SceneParent
CKbyEmotion	20191217	S156-contempt	0	MALE	FaceRecording-1	TestImage	AffRaw	20191217_162946405	80			4	1	640	480	0	0	34	0.1409471	0.01277103	0.1072209	0.0006469562	0.02483099	0	98.44329	143.3894	-6.505271	1.265474	0.3195789	0.8913338	7.398266E-09	0.008730646	0.01115118	0.0002142413	0.007252239	4.141589	0.00516803	0.0022157	0.03690918	0.007618925	0.00568708	0.4589697	0.00196116	0.3266582	0.2797637	0.1928689	0.001342666	0.002657323	41.13588	0.00656177	0.001111654	0.2176926						
CKbyEmotion	20191217	S156-contempt	0	MALE	FaceRecording-1	TestImage	AffRaw	20191217_162946445	120			4	1	640	480	1	0	34	0.06180681	0.004515866	0.1042862	0.0006374104	0.03373123	0	97.99839	145.6408	-6.608231	2.545008	-0.1812552	0.685269	2.146294E-09	0.002810835	0.003066901	0.0001688433	0.009396813	3.831791	0.004583833	0.001683275	0.03649152	0.002576359	0.01665481	0.4557211	0.00196366	0.234806	0.01074195	0.1924444	0.001243743	0.002509769	8.604457	0.003893219	0.001065277	0.3061482						
CKbyEmotion	20191217	S156-contempt	0	MALE	FaceRecording-1	TestImage	AffRaw	20191217_162946485	160			4	1	640	480	2	0	34	0.01965613	0.002322247	0.1007683	0.0005509597	0.05592915	0	98.53731	145.7925	-8.676456	0.9492046	-1.377819	0.6346567	7.748493E-10	0.0005070451	0.0005082535	0.0001636457	0.007669573	3.393029	0.004304232	0.001374273	0.02655228	0.00246737	0.01745109	0.4513176	0.001960689	0.2294511	0.009516703	0.1919671	0.001265725	0.002218781	7.403876	0.003175203	0.00100661	0.2283611						
CKbyEmotion	20191217	S156-contempt	0	MALE	FaceRecording-1	TestImage	AffRaw	20191217_162946525	200			4	1	640	480	3	0	34	0.02475287	0.002421289	0.09922849	0.0003913727	0.0691132	0	97.89266	145.01	-7.534504	2.807764	0.1122584	0.5735813	1.238428E-09	0.0008660622	0.0007013182	0.0002039624	0.01080358	3.172145	0.004296076	0.002584849	0.03441451	0.002437893	0.01773842	0.4491366	0.001956389	0.2270347	0.009112838	0.1918207	0.001766786	0.003053613	6.995937	0.00318975	0.001271314	0.2539845						
CKbyEmotion	20191217	S156-contempt	0	MALE	FaceRecording-1	TestImage	AffRaw	20191217_162946565	240			4	1	640	480	4	0	34	0.01710764	0.00320253	0.0929312	0.0004609802	0.08308886	0	98.23363	144.3567	-8.704802	1.907897	-0.7928181	0.6136385	4.19412E-09	0.0006474598	0.0005270372	0.0002067941	0.0163662	2.260983	0.003690754	0.003019908	0.03363132	0.002443404	0.01820931	0.4413909	0.001929566	0.2224189	0.009262097	0.1916015	0.001994029	0.004388498	7.152572	0.003531888	0.001663361	0.2203594						
CKbyEmotion	20191217	S156-contempt	0	MALE	FaceRecording-1	TestImage	AffRaw	20191217_162946605	280			4	1	640	480	5	0	34	0.01576391	0.002524482	0.09223797	0.000420696	0.1234791	0	98.41744	144.7308	-8.79901	1.34911	0.05428809	0.6269142	4.300875E-09	0.0006396269	0.0004713084	0.000286915	0.03336323	2.1574	0.003856923	0.003177561	0.02128238	0.002417881	0.01836605	0.4394122	0.00193892	0.2212356	0.00905266	0.1910214	0.002868263	0.008620239	6.933666	0.003739457	0.003378874	0.1763584						
CKbyEmotion	20191217	S156-contempt	0	MALE	FaceRecording-1	TestImage	AffRaw	20191217_162946645	320			4	1	640	480	6	0	34	0.01189308	0.002170369	0.08907074	0.0003632679	0.1443982	0	98.40246	144.3757	-7.760936	1.396996	-1.071318	0.6469868	1.637455E-09	0.0004647282	0.0003229171	0.0004373065	0.1064535	1.671654	0.004366794	0.003676795	0.0143563	0.002332948	0.01926988	0.4349667	0.001928974	0.2163836	0.008189831	0.1907188	0.003268073	0.02499407	5.931183	0.004120552	0.008660034	0.1427875						
CKbyEmotion	20191217	S156-contempt	0	MALE	FaceRecording-1	TestImage	AffRaw	20191217_162946685	360			4	1	640	480	7	0	34	0.01092931	0.002381012	0.08703309	0.0003238725	0.1870498	0	98.32281	143.8112	-7.522135	1.644327	0.03752404	0.644431	1.848359E-09	0.000277436	0.0001724821	0.0008379496	0.4670743	1.348339	0.004895143	0.005124674	0.01062673	0.00248262	0.01808763	0.4312288	0.001931207	0.2188661	0.009927033	0.1901366	0.004155448	0.07515122	7.881019	0.004431106	0.02170544	0.1427616						
CKbyEmotion	20191217	S156-contempt	0	MALE	FaceRecording-1	TestImage	AffRaw	20191217_162946725	400			4	1	640	480	8	0	34	0.01138348	0.002227081	0.09334334	0.0003047851	0.2315027	0	98.40405	142.9418	-8.57117	1.391939	-0.2359557	0.6901965	2.928951E-09	0.000226926	0.0001167131	0.00117042	2.328718	1.327424	0.005656699	0.01260801	0.00775924	0.002390533	0.01814534	0.4298211	0.001944518	0.2166813	0.00897429	0.1896571	0.004972492	0.1923502	6.879103	0.004643223	0.05411836	0.1231404						
CKbyEmotion	20191217	S156-contempt	0	MALE	FaceRecording-1	TestImage	AffRaw	20191217_162946765	440			4	1	640	480	9	0	34	0.01276982	0.002457205	0.188673	0.0003078351	0.3210256	0	98.01084	144.0318	-6.964813	2.513163	0.4515947	0.6889037	4.342883E-09	0.0005231124	0.0002078158	0.002062873	12.19292	1.143006	0.007176207	0.02909873	0.006766293	0.002346986	0.01559376	0.4258973	0.001966415	0.2148822	0.008606046	0.1887249	0.007175844	0.6177426	6.49934	0.004652446	0.1451047	0.1306327						
CKbyEmotion	20191217	S156-contempt	0	MALE	FaceRecording-1	TestImage	AffRaw	20191217_162946805	480			4	1	640	480	10	0	34	0.01162767	0.002762801	1.334057	0.0002545626	0.3986036	0	98.45723	143.2204	-7.388155	1.219798	0.5407408	0.7215016	6.931573E-09	0.0004184333	0.0001436192	0.003120905	39.73915	0.8877026	0.008235184	0.06677411	0.005116745	0.002266355	0.01019502	0.4217846	0.001982442	0.2117862	0.007899433	0.1883793	0.009349985	1.575003	5.638966	0.004887955	0.3268287	0.1159543						
CKbyEmotion	20191217	S156-contempt	0	MALE	FaceRecording-1	TestImage	AffRaw	20191217_162946845	520			4	1	640	480	11	0	34	0.01117782	0.00333274	11.78809	0.0002532399	0.4895245	-9.720993	98.47691	143.4558	-5.536086	1.154607	0.9147907	0.731514	8.481539E-09	0.0004943646	0.0001381146	0.004464321	71.81169	0.7275485	0.009021215	0.1342217	0.004887335	0.00229091	0.005871622	0.418079	0.002006327	0.2120804	0.008356821	0.188443	0.01154331	4.005435	6.153292	0.005389255	0.7580687	0.115768						
CKbyEmotion	20191217	S156-contempt	0	MALE	FaceRecording-1	TestImage	AffRaw	20191217_162946885	560			4	1	640	480	12	0	34	0.01142059	0.003212943	25.00266	0.0002390239	0.6568607	-13.93369	98.28007	143.0847	-5.965575	1.772303	1.633997	0.7367321	8.417831E-09	0.0006326769	0.0001547958	0.006914188	84.60999	0.7721533	0.01078371	0.2383413	0.003764532	0.002302771	0.004610044	0.4138411	0.002063672	0.2133357	0.008789003	0.1881643	0.01569678	6.963254	6.641871	0.005446521	1.251729	0.1072305						
CKbyEmotion	20191217	S156-contempt	0	MALE	FaceRecording-1	TestImage	AffRaw	20191217_162946925	600			4	1	640	480	13	0	34	0.01117432	0.003174413	36.70339	0.0002029213	0.7634381	-16.48183	98.2463	143.2704	-6.055189	1.871252	0.9667881	0.7456697	1.274955E-08	0.0009078951	0.0001865246	0.01213389	92.35934	0.5257685	0.01337235	0.404621	0.003841176	0.00219274	0.00423156	0.409062	0.002090628	0.2094343	0.007925798	0.1899891	0.01898325	23.3123	5.385247	0.005280484	2.423786	0.1091333						
CKbyEmotion	20191217	S156-contempt	0	MALE	FaceRecording-1	TestImage	AffRaw	20191217_162946965	640			4	1	640	480	14	0	34	0.01058811	0.002948733	39.64243	0.0001905588	0.9709343	-16.86109	98.59307	144.2583	-5.106859	0.7520364	1.083185	0.7902483	7.874993E-09	0.0009942013	0.0001745668	0.02209649	94.104	0.3617331	0.01556151	0.5450802	0.003238435	0.002228863	0.003962094	0.402197	0.002156486	0.210692	0.008804688	0.189866	0.02413538	50.49957	6.319009	0.006283435	3.409473	0.101532						
CKbyEmotion	20191217	S156-contempt	0	MALE	FaceRecording-1	TestImage	AffRaw	20191217_162947005	680			4	1	640	480	15	0	34	0.0109794	0.002725641	42.67542	0.0001729868	1.273498	-17.13145	98.44241	144.5772	-6.342996	1.268309	1.263019	0.8154918	2.754708E-09	0.001352641	0.0001981526	0.04217799	95.85753	0.3162215	0.02014749	0.6765251	0.003490938	0.00218516	0.003782059	0.3936239	0.002264024	0.2105597	0.009191805	0.1882208	0.03168695	83.10802	6.319274	0.006697322	5.921224	0.1033066						
CKbyEmotion	20191217	S156-contempt	0	MALE	FaceRecording-1	TestImage	AffRaw	20191217_162947045	720			4	1	640	480	16	0	34	0.01079107	0.002474744	40.48312	0.0001577071	1.4226	-16.55882	98.20816	143.2289	-6.240216	1.980786	1.42483	0.8840542	3.523823E-09	0.001184568	0.0001816125	0.07046591	94.59396	0.2838846	0.02735422	0.784866	0.003218794	0.002157099	0.003853217	0.3890407	0.002318626	0.2105328	0.009355434	0.1882818	0.03722791	93.83515	6.24873	0.00711634	7.26212	0.1040797						
CKbyEmotion	20191217	S156-contempt	0	MALE	FaceRecording-1	TestImage	AffRaw	20191217_162947085	760			4	1	640	480	17	0	34	0.01108942	0.002243617	41.71929	0.0001661131	1.823238	-16.38731	98.01569	144.5348	-6.920108	2.500717	0.3946729	0.9426712	3.519605E-09	0.001390268	0.0001799787	0.1351839	95.30859	0.2977472	0.03964582	0.9831585	0.003679294	0.002099449	0.003723983	0.3779259	0.002476316	0.2107681	0.009916248	0.186603	0.04771127	98.32581	6.185474	0.007157979	10.89015	0.1172084						
CKbyEmotion	20191217	S156-contempt	0	MALE	FaceRecording-1	TestImage	AffRaw	20191217_162947125	800			4	1	640	480	18	0	34	0.0109567	0.001992828	37.30021	0.0001698551	2.202601	-15.09399	98.44238	143.2246	-7.503465	1.26844	0.9680357	0.9746891	3.573769E-09	0.00167056	0.0002140155	0.2025419	92.71801	0.3541256	0.04898837	1.045477	0.003431283	0.002046541	0.003798682	0.3678678	0.002637655	0.2110078	0.00980073	0.1825803	0.05762362	99.20316	6.100055	0.007330292	11.74975	0.1146013						
CKbyEmotion	20191217	S156-contempt	0	MALE	FaceRecording-1	TestImage	AffRaw	20191217_162947165	840			4	1	640	480	19	0	34	0.01018504	0.002215252	37.54109	0.00016541	2.278187	-15.07764	98.60417	144.9035	-6.628427	0.7118638	-0.1606265	0.9713402	5.923051E-07	0.001023251	0.0001341218	0.2637749	92.86279	0.3007896	0.05461239	1.151565	0.003698068	0.002126123	0.003624697	0.3646044	0.002668008	0.2132855	0.01246108	0.1836016	0.05904538	99.6405	7.297166	0.00959012	16.7824	0.1211865						
CKbyEmotion	20191217	S156-contempt	0	MALE	FaceRecording-1	TestImage	AffRaw	20191217_162947205	880			4	1	640	480	20	0	34	0.01085177	0.002643757	29.49363	0.0001526587	2.230735	-13.34262	98.56465	144.7091	-7.250898	0.8534885	0.05271053	0.86467	0.0001046271	0.001257311	0.0001815776	0.2439049	87.78774	0.3098685	0.05788667	1.116589	0.003738711	0.002018798	0.00416259	0.3661833	0.002647655	0.2092643	0.01054449	0.1835752	0.06209755	99.6889	5.567126	0.01372686	16.97581	0.128756						
