#Study : CKbyEmotion
#Date : 20191217 20:49:59
#Version : 7.2.15327.0
#TestRunDate : 20191217 19:48:27.520 (+02:00)

StudyName	ExportDate	Name	Age	Gender	StimulusName	SlideType	EventSource	Timestamp	MediaTime	PostMarker	Annotation	version	Number of faces	width	height	FrameIndex	faceid	#classifiers	Brow Furrow	Brow Raise	Engagement	Lip Corner Depressor	Smile	Valence	Attention	Interocular Distance	Pitch	Yaw	Roll	InnerBrowRaise	EyeClosure	NoseWrinkle	UpperLipRaise	LipSuck	LipPress	MouthOpen	ChinRaise	Smirk	LipPucker	Anger	Sadness	Disgust	Joy	Surprise	Fear	Contempt	Cheek Raise	Dimpler	Eye Widen	Lid Tighten	Lip Stretch	Jaw Drop	LiveMarker	KeyStroke	MarkerText	SceneType	SceneOutput	SceneParent
CKbyEmotion	20191217	S125-surprise	0	MALE	FaceRecording-1	TestImage	AffRaw	20191217_194827600	80			4	1	640	490	0	0	34	0.4300927	1.274392E-05	0.1063251	0.0002753205	2.082477	0	97.58973	145.3265	5.340254	3.494838	2.836977	0.5720081	1.741516E-13	0.1169243	0.03002606	3.712517E-05	0.05127179	0.677436	0.004761236	0.0395217	0.1165108	0.001778042	0.02191349	0.3808606	0.002531326	0.1940451	0.004022202	0.1668897	0.8408886	0.04343658	0.01198894	0.003633612	0.002906459	0.2208189						
CKbyEmotion	20191217	S125-surprise	0	MALE	FaceRecording-1	TestImage	AffRaw	20191217_194827640	120			4	1	640	490	1	0	34	0.3575437	3.341838E-05	0.0895236	0.0004237082	0.8773078	0	97.70129	142.203	-0.3399895	3.252139	2.164795	0.4714287	5.85996E-13	0.1066281	0.03105839	4.335648E-05	0.05077285	0.2468837	0.008693561	0.08605042	0.1015223	0.001895804	0.02379255	0.4084181	0.002071883	0.192432	0.004344597	0.1833028	0.2913675	0.04249107	0.0201917	0.003529666	0.002876019	0.2196052						
CKbyEmotion	20191217	S125-surprise	0	MALE	FaceRecording-1	TestImage	AffRaw	20191217_194827680	160			4	1	640	490	2	0	34	0.500539	4.855102E-05	0.08764684	0.0003115841	0.7288681	0	97.51833	142.3316	1.282008	3.644459	2.575019	0.349835	7.037386E-13	0.1532954	0.04179203	3.89358E-05	0.06096895	0.1738172	0.007224036	0.08522659	0.1427276	0.001942735	0.02415041	0.4137534	0.002000666	0.1900309	0.004395631	0.1858315	0.2660808	0.04996322	0.01549379	0.003776293	0.003588662	0.234801						
CKbyEmotion	20191217	S125-surprise	0	MALE	FaceRecording-1	TestImage	AffRaw	20191217_194827720	200			4	1	640	490	3	0	34	0.4704966	5.571634E-05	0.08584588	0.0002356394	0.5834094	0	97.64117	142.7068	0.8013727	3.38433	2.57286	0.3519744	1.977081E-13	0.1611331	0.04555859	4.469413E-05	0.06204889	0.1306405	0.006744699	0.07574372	0.133155	0.001953758	0.02435599	0.4177205	0.001955917	0.1902433	0.004439845	0.1875719	0.216645	0.05171251	0.03134377	0.003634877	0.004188673	0.2445059						
CKbyEmotion	20191217	S125-surprise	0	MALE	FaceRecording-1	TestImage	AffRaw	20191217_194827760	240			4	1	640	490	4	0	34	0.1986386	0.0001431756	0.08613446	0.000319886	0.6069192	0	97.79148	141.7497	1.143687	3.047436	2.790751	0.4649824	9.863497E-14	0.06794699	0.02141484	5.71712E-05	0.0906895	0.07932827	0.007815969	0.06883411	0.1245564	0.001904471	0.0239712	0.4128213	0.001996836	0.1936376	0.00444034	0.1861553	0.1792851	0.05712294	0.1134731	0.003323815	0.003757541	0.2247335						
CKbyEmotion	20191217	S125-surprise	0	MALE	FaceRecording-1	TestImage	AffRaw	20191217_194827800	280			4	1	640	490	5	0	34	0.06443485	0.009509563	0.08270434	0.0002781844	0.3222186	0	97.85117	141.3923	2.549937	2.907389	3.080734	0.7457375	5.761893E-14	0.007108031	0.003022299	5.391593E-05	0.09758162	0.06180592	0.008714543	0.06844837	0.1331047	0.001996463	0.02346595	0.4178175	0.001921558	0.1993359	0.005238803	0.1896805	0.05833185	0.04915492	1.588694	0.002906988	0.003388655	0.2552352						
CKbyEmotion	20191217	S125-surprise	0	MALE	FaceRecording-1	TestImage	AffRaw	20191217_194827840	320			4	1	640	490	6	0	34	0.01383154	1.761244	0.09066729	0.0002982144	0.1360623	0	97.09286	143.4017	2.537473	4.457501	2.031222	0.6688744	1.289582E-13	0.0004265019	0.0003434092	6.509272E-05	0.1522571	0.06025496	0.01128676	0.07050902	0.1712483	0.003859185	0.01079057	0.4226006	0.001765848	0.2713691	0.045388	0.1922022	0.01375274	0.05911247	23.66398	0.002387929	0.003161953	0.2257825						
CKbyEmotion	20191217	S125-surprise	0	MALE	FaceRecording-1	TestImage	AffRaw	20191217_194827880	360			4	1	640	490	7	0	34	0.007367279	76.93677	16.30767	0.0003927363	0.08220808	0	96.60433	144.372	2.817171	5.259385	1.807909	0.6215128	1.51881E-12	2.291943E-05	4.35515E-05	7.77686E-05	0.1387431	0.1316635	0.01735774	0.05393771	0.1660667	0.0003940182	0.0003772262	0.4246137	0.0001497582	15.38377	0.3064751	0.1926164	0.004882309	0.02821204	67.8268	0.002011039	0.001729443	0.2400168						
CKbyEmotion	20191217	S125-surprise	0	MALE	FaceRecording-1	TestImage	AffRaw	20191217_194827920	400			4	1	640	490	8	0	34	0.007456668	99.21503	49.43672	0.000299853	0.05466194	0	97.10641	145.5056	4.906708	4.433462	1.751557	0.3852329	3.717652E-11	2.170169E-06	1.031372E-05	0.0002686813	0.098483	0.4695109	0.03753695	0.0332955	0.1187791	0.0003043184	9.057694E-05	0.4279858	7.235211E-05	41.80995	1.80047	0.1925923	0.002237273	0.02024761	93.1824	0.001874574	0.001471514	0.3924672						
