#Study : CKbyEmotion
#Date : 20191217 16:25:44
#Version : 7.2.15327.0
#TestRunDate : 20191217 16:17:22.170 (+02:00)

StudyName	ExportDate	Name	Age	Gender	StimulusName	SlideType	EventSource	Timestamp	MediaTime	PostMarker	Annotation	version	Number of faces	width	height	FrameIndex	faceid	#classifiers	Brow Furrow	Brow Raise	Engagement	Lip Corner Depressor	Smile	Valence	Attention	Interocular Distance	Pitch	Yaw	Roll	InnerBrowRaise	EyeClosure	NoseWrinkle	UpperLipRaise	LipSuck	LipPress	MouthOpen	ChinRaise	Smirk	LipPucker	Anger	Sadness	Disgust	Joy	Surprise	Fear	Contempt	Cheek Raise	Dimpler	Eye Widen	Lid Tighten	Lip Stretch	Jaw Drop	LiveMarker	KeyStroke	MarkerText	SceneType	SceneOutput	SceneParent
CKbyEmotion	20191217	S127-anger	0	MALE	FaceRecording-1	TestImage	AffRaw	20191217_161722250	80			4	1	640	490	0	0	34	0.003399949	0.01722518	0.08400425	0.0005365573	0.01103212	0	97.53567	139.2612	-1.029675	3.60852	-1.677524	12.02631	5.506506E-10	0.001268393	0.01088996	4.916026E-05	0.007735429	0.8457251	0.001624023	0.002115675	0.01204669	0.001322894	0.05189551	0.4325666	0.001859321	0.2512429	0.005552715	0.1925699	0.0003222513	0.0009608447	0.07130193	0.1211872	0.0002071311	0.1485479						
CKbyEmotion	20191217	S127-anger	0	MALE	FaceRecording-1	TestImage	AffRaw	20191217_161722290	120			4	1	640	490	1	0	34	0.00417427	0.01964704	0.0943791	0.0007093712	0.0178893	0	97.98211	139.7254	-0.6559469	2.586336	-3.204756	11.08803	8.58459E-10	0.001807625	0.01615597	4.37077E-05	0.006868043	2.475091	0.001492145	0.004207434	0.01967594	0.001363261	0.04618634	0.4453498	0.001917127	0.2581581	0.005403551	0.1925166	0.0005230266	0.001084591	0.05031166	0.07761099	0.0002064597	0.4179391						
CKbyEmotion	20191217	S127-anger	0	MALE	FaceRecording-1	TestImage	AffRaw	20191217_161722330	160			4	1	640	490	2	0	34	0.007429767	0.01517253	0.09355199	0.001689558	0.01349207	0	98.14559	138.9914	-0.8348976	2.155557	-3.162283	14.66845	1.746426E-09	0.002412841	0.01842344	4.670452E-05	0.006384314	2.356215	0.002276187	0.003837732	0.04055479	0.001211415	0.05887729	0.4446011	0.001911486	0.2762928	0.005749134	0.1925841	0.0004325924	0.0008814086	0.06353659	0.07751413	0.000198519	0.4039896						
CKbyEmotion	20191217	S127-anger	0	MALE	FaceRecording-1	TestImage	AffRaw	20191217_161722370	200			4	1	640	490	3	0	34	0.007221246	0.02448073	0.08707312	0.002873648	0.007287942	0	98.28506	138.2486	-0.6343889	1.757538	-3.379973	17.71614	5.292478E-09	0.001265571	0.008104713	5.706857E-05	0.008294237	1.341234	0.002355132	0.003520484	0.06077205	0.001095512	0.07454374	0.4366311	0.001874084	0.2868416	0.006056881	0.1926663	0.0002024707	0.0007998535	0.09616398	0.1037095	0.0002230985	0.4635582						
CKbyEmotion	20191217	S127-anger	0	MALE	FaceRecording-1	TestImage	AffRaw	20191217_161722410	240			4	1	640	490	4	0	34	0.009647475	0.02521175	0.08535014	0.003574712	0.00760377	0	98.27868	138.8289	-0.9992651	1.776434	-3.365818	18.43291	3.837511E-09	0.001621269	0.009408398	5.886025E-05	0.007421836	1.060452	0.00276509	0.004708022	0.05856374	0.001071094	0.07884384	0.4345876	0.001864298	0.2891028	0.006148597	0.1926948	0.0002123468	0.000859543	0.1319416	0.1214359	0.0002254034	0.4790818						
CKbyEmotion	20191217	S127-anger	0	MALE	FaceRecording-1	TestImage	AffRaw	20191217_161722450	280			4	1	640	490	5	0	34	0.009447749	0.02030938	0.08491008	0.003619498	0.007530844	0	98.30865	138.9095	-0.8227095	1.687058	-3.23567	18.03897	6.587296E-10	0.001555351	0.0086698	7.007393E-05	0.007984391	0.9929281	0.003114436	0.004489634	0.05751029	0.001086348	0.07692383	0.434191	0.001862311	0.2866303	0.006113616	0.1926906	0.0002059979	0.0009145028	0.1548767	0.1541596	0.0002023985	0.5269049						
CKbyEmotion	20191217	S127-anger	0	MALE	FaceRecording-1	TestImage	AffRaw	20191217_161722490	320			4	1	640	490	6	0	34	0.01641842	0.01201349	0.0859454	0.002414101	0.009044092	0	98.35207	139.0055	-1.223639	1.554813	-3.82895	15.39687	2.71714E-10	0.002783233	0.01307894	6.453334E-05	0.007399505	1.166631	0.003182139	0.003085265	0.02466511	0.001186816	0.06420849	0.4353852	0.00186832	0.2722324	0.005865169	0.1926653	0.0002745918	0.0008542737	0.1394714	0.1842615	0.0001866427	0.4171639						
CKbyEmotion	20191217	S127-anger	0	MALE	FaceRecording-1	TestImage	AffRaw	20191217_161722530	360			4	1	640	490	7	0	34	0.03934959	0.006472799	0.08402726	0.002193474	0.005982759	0	98.22114	137.8025	-1.862256	1.943765	-3.400178	14.65236	9.411583E-10	0.003738437	0.01034026	5.304249E-05	0.007090247	0.8274376	0.00295518	0.003028257	0.03190728	0.001219413	0.06192961	0.4328868	0.001853456	0.2657915	0.005787618	0.192791	0.0001958566	0.000854057	0.136305	0.3137258	0.0001909377	0.4694654						
CKbyEmotion	20191217	S127-anger	0	MALE	FaceRecording-1	TestImage	AffRaw	20191217_161722570	400			4	1	640	490	8	0	34	0.2274266	0.002863234	0.08501104	0.002044002	0.003543318	0	97.76073	136.889	-2.456244	3.118118	-3.848912	12.32144	4.184978E-09	0.005975934	0.007345007	5.347615E-05	0.008123592	0.8024536	0.003425725	0.002513748	0.0248772	0.001338587	0.05385731	0.4327757	0.001829433	0.2500511	0.005617575	0.1934955	0.0001381394	0.0008516186	0.1218247	0.6193671	0.0001918942	0.3518735						
CKbyEmotion	20191217	S127-anger	0	MALE	FaceRecording-1	TestImage	AffRaw	20191217_161722610	440			4	1	640	490	9	0	34	1.611433	0.001320894	0.09392201	0.001756697	0.001803922	0	97.33762	135.7454	-3.224284	4.005159	-2.224105	10.49183	7.540932E-09	0.01039501	0.005660903	6.275137E-05	0.01215237	0.8152735	0.005108895	0.002391099	0.03384537	0.001625686	0.05296957	0.4333065	0.001670991	0.2214297	0.005692707	0.1985956	8.407459E-05	0.001347069	0.06505815	1.644886	0.0002652946	0.257392						
CKbyEmotion	20191217	S127-anger	0	MALE	FaceRecording-1	TestImage	AffRaw	20191217_161722650	480			4	1	640	490	10	0	34	9.248641	0.0004239745	0.1601044	0.001673818	0.0008163824	0	97.12826	135.6332	-5.182909	4.394447	-2.325457	8.85745	2.794474E-08	0.0226462	0.004615366	7.401677E-05	0.03906132	0.6543959	0.007277352	0.001853041	0.05322805	0.003572016	0.08470167	0.4326349	0.001010532	0.1348899	0.007141991	0.2291048	4.488883E-05	0.002481865	0.03798069	3.403567	0.0003900738	0.1945923						
CKbyEmotion	20191217	S127-anger	0	MALE	FaceRecording-1	TestImage	AffRaw	20191217_161722690	520			4	1	640	490	11	0	34	34.13241	0.0001804441	0.9322159	0.001871787	0.0004269088	0	96.65209	135.5561	-6.104217	5.186086	-3.416123	6.924993	3.357471E-08	0.0268587	0.002001043	9.702115E-05	0.08733007	0.5436537	0.01359353	0.00160933	0.1307568	0.03783547	0.481133	0.4322001	0.0001978314	0.02910838	0.0158176	0.3648158	2.343701E-05	0.005363005	0.01973396	7.60246	0.00062403	0.2019485						
CKbyEmotion	20191217	S127-anger	0	MALE	FaceRecording-1	TestImage	AffRaw	20191217_161722730	560			4	1	640	490	12	0	34	68.69333	9.444604E-05	9.982354	0.002327215	0.0002433174	-11.22363	96.68327	134.7774	-5.261756	5.137685	-2.350355	6.341818	7.834113E-08	0.04348568	0.001211742	0.0001151737	0.1557226	0.5180544	0.01991423	0.001398703	0.221009	0.9364738	5.847952	0.4332753	2.058896E-05	0.003616362	0.04950777	0.6951171	1.306068E-05	0.01088588	0.01345444	13.88979	0.0009623707	0.2125959						
CKbyEmotion	20191217	S127-anger	0	MALE	FaceRecording-1	TestImage	AffRaw	20191217_161722770	600			4	1	640	490	13	0	34	86.71391	4.198341E-05	28.5065	0.002739844	0.000158766	-17.22292	97.11872	136.6323	-4.840477	4.411499	-2.478961	5.507702	7.746096E-07	0.03374778	0.0003848391	0.0001830108	0.3978605	0.4134345	0.04554533	0.001162153	0.321113	9.445698	18.49401	0.4326777	6.317421E-06	0.00120388	0.08884502	0.9718072	8.878406E-06	0.02550407	0.007847029	31.25005	0.001514212	0.2450072						
CKbyEmotion	20191217	S127-anger	0	MALE	FaceRecording-1	TestImage	AffRaw	20191217_161722810	640			4	1	640	490	14	0	34	94.8719	2.493325E-05	42.41767	0.004560263	0.0001019772	-19.95783	97.14748	134.9573	-7.242514	4.359872	-2.497976	4.788958	2.235409E-06	0.03260998	0.0001925542	0.0002935236	0.848987	0.2696611	0.1023389	0.0008592602	0.3880923	47.31273	28.45702	0.4324068	3.694011E-06	0.0007252113	0.1150439	1.130581	5.270565E-06	0.05197674	0.005699829	60.20611	0.001954705	0.2762624						
CKbyEmotion	20191217	S127-anger	0	MALE	FaceRecording-1	TestImage	AffRaw	20191217_161722850	680			4	1	640	490	15	0	34	97.8082	1.636973E-05	47.97705	0.006691666	7.95795E-05	-20.83749	97.24171	136.5356	-6.315701	4.187039	-3.684075	4.102453	3.185542E-06	0.02993968	0.0001190893	0.0004769914	1.058329	0.1971015	0.1994256	0.0007539688	0.5347622	77.76765	32.11692	0.4330959	3.044063E-06	0.0005993083	0.1251718	1.193796	3.866036E-06	0.1114455	0.00381167	81.98398	0.002616795	0.3288768						
CKbyEmotion	20191217	S127-anger	0	MALE	FaceRecording-1	TestImage	AffRaw	20191217_161722890	720			4	1	640	490	16	0	34	98.92561	1.010515E-05	49.18614	0.008220589	6.203158E-05	-20.90137	97.70172	136.7689	-6.32557	3.251201	-4.076931	3.380351	3.158312E-06	0.02497413	8.081119E-05	0.0006574482	0.6185728	0.1662914	0.4340904	0.0006807721	0.6176068	87.16383	33.08621	0.4340909	2.827779E-06	0.0005524966	0.1281388	1.218756	3.168097E-06	0.2250821	0.002113252	92.80727	0.003268256	0.3762147						
CKbyEmotion	20191217	S127-anger	0	MALE	FaceRecording-1	TestImage	AffRaw	20191217_161722930	760			4	1	640	490	17	0	34	99.44315	8.109439E-06	50.68777	0.01076536	5.21743E-05	-21.00281	97.03479	136.5765	-6.684141	4.559397	-3.195817	2.715244	1.459439E-05	0.02668369	8.336321E-05	0.0009993945	0.5438524	0.1477028	0.9420177	0.0006228584	0.7787018	90.08694	33.00717	0.4358712	2.732665E-06	0.0005289224	0.1286549	1.230487	2.553063E-06	0.4985169	0.001265549	97.2308	0.00405415	0.4372623						
