#Study : CKbyEmotion
#Date : 20191217 16:25:44
#Version : 7.2.15327.0
#TestRunDate : 20191217 16:17:21.937 (+02:00)

StudyName	ExportDate	Name	Age	Gender	StimulusName	SlideType	EventSource	Timestamp	MediaTime	PostMarker	Annotation	version	Number of faces	width	height	FrameIndex	faceid	#classifiers	Brow Furrow	Brow Raise	Engagement	Lip Corner Depressor	Smile	Valence	Attention	Interocular Distance	Pitch	Yaw	Roll	InnerBrowRaise	EyeClosure	NoseWrinkle	UpperLipRaise	LipSuck	LipPress	MouthOpen	ChinRaise	Smirk	LipPucker	Anger	Sadness	Disgust	Joy	Surprise	Fear	Contempt	Cheek Raise	Dimpler	Eye Widen	Lid Tighten	Lip Stretch	Jaw Drop	LiveMarker	KeyStroke	MarkerText	SceneType	SceneOutput	SceneParent
CKbyEmotion	20191217	S113-anger	0	MALE	FaceRecording-1	TestImage	AffRaw	20191217_161722017	80			4	1	640	490	0	0	34	0.004579189	4.086286E-06	0.07908956	0.0004860782	0.001154781	0	98.0621	155.4433	-6.235978	2.379996	0.5872287	5.626358	7.524234E-10	8.63543E-07	3.232811E-08	0.002503022	0.004664214	0.01367467	0.0004083118	0.005572373	0.01204516	0.001637635	0.03492692	0.4259413	0.001829337	0.2160138	0.004983658	0.1927872	1.588953E-06	0.003343054	0.02337493	0.06869779	0.0011699	0.08755891						
CKbyEmotion	20191217	S113-anger	0	MALE	FaceRecording-1	TestImage	AffRaw	20191217_161722057	120			4	1	640	490	1	0	34	0.004258468	5.95476E-06	0.07912835	0.0009864448	0.001342507	0	98.03105	155.9301	-4.850667	2.461077	0.2005907	8.064976	2.612656E-09	1.176958E-06	5.177933E-08	0.004094066	0.008623741	0.01891818	0.0005804184	0.01192068	0.01043135	0.001510356	0.04106461	0.4260585	0.001829607	0.2268149	0.005196584	0.1929131	2.018611E-06	0.008633706	0.03335776	0.05983419	0.002178444	0.08141537						
CKbyEmotion	20191217	S113-anger	0	MALE	FaceRecording-1	TestImage	AffRaw	20191217_161722097	160			4	1	640	490	2	0	34	0.008056883	7.637987E-06	0.07924081	0.001593636	0.001173	0	97.00928	158.2194	-5.168297	4.60353	0.6749594	11.73097	1.937085E-09	2.363468E-06	1.057169E-07	0.002607289	0.007584753	0.03696185	0.0003945172	0.01175832	0.01623293	0.001338255	0.05236367	0.4262066	0.001829702	0.244132	0.005541611	0.192926	2.057816E-06	0.005538875	0.0625173	0.05464668	0.002206198	0.0771287						
CKbyEmotion	20191217	S113-anger	0	MALE	FaceRecording-1	TestImage	AffRaw	20191217_161722137	200			4	1	640	490	3	0	34	0.01165283	5.50321E-06	0.07928009	0.001637799	0.0005625877	0	97.16797	159.5617	-5.266446	4.322762	-0.9548494	10.12055	1.052777E-09	2.353024E-06	9.916874E-08	0.003008261	0.00993477	0.04030927	0.0003303435	0.01553653	0.01454477	0.001410754	0.04710316	0.4261928	0.001829199	0.2362521	0.005376591	0.1930252	8.793781E-07	0.006895725	0.02408355	0.05892473	0.00292888	0.06894463						
CKbyEmotion	20191217	S113-anger	0	MALE	FaceRecording-1	TestImage	AffRaw	20191217_161722177	240			4	1	640	490	4	0	34	0.02273449	4.199537E-06	0.07934146	0.002431939	0.000352174	0	97.39014	158.2097	-4.085924	3.902873	-0.2066125	13.74233	5.969885E-10	2.607726E-06	9.60317E-08	0.003189044	0.01109858	0.04006888	0.0003208344	0.02139466	0.01540355	0.001251324	0.06001876	0.426235	0.001827802	0.253737	0.005712126	0.1931882	4.638949E-07	0.008208361	0.01975876	0.08483107	0.002682855	0.06156749						
CKbyEmotion	20191217	S113-anger	0	MALE	FaceRecording-1	TestImage	AffRaw	20191217_161722217	280			4	1	640	490	5	0	34	0.1956021	1.205273E-06	0.0803001	0.002653347	0.0001463546	0	97.23539	158.3882	-4.689991	4.198833	-0.1925062	18.90987	5.788087E-10	3.594851E-06	7.016776E-08	0.003946674	0.01184542	0.03547966	0.0003558465	0.02129404	0.0129499	0.001068242	0.08583361	0.4263211	0.001807027	0.2783497	0.006253612	0.1938151	1.866813E-07	0.008667081	0.00787035	0.1788209	0.002661066	0.06563879						
CKbyEmotion	20191217	S113-anger	0	MALE	FaceRecording-1	TestImage	AffRaw	20191217_161722257	320			4	1	640	490	6	0	34	1.52087	5.109155E-07	0.08820532	0.002148968	7.716259E-05	0	97.72114	156.6062	-5.499744	3.207808	-0.08998525	22.68834	6.526743E-09	4.58858E-06	5.005882E-08	0.004360286	0.01644488	0.02587047	0.000476082	0.02198312	0.01344733	0.001051637	0.1219678	0.4264997	0.001656576	0.2771212	0.006959208	0.1986973	1.128349E-07	0.01071922	0.002275011	0.4240246	0.002232901	0.05600773						
CKbyEmotion	20191217	S113-anger	0	MALE	FaceRecording-1	TestImage	AffRaw	20191217_161722297	360			4	1	640	490	7	0	34	10.81727	2.071452E-07	0.1711209	0.001683172	4.297844E-05	0	98.74413	153.993	-5.914122	0.1764745	0.07509392	22.1915	1.621964E-08	5.248156E-06	2.203997E-08	0.005778133	0.01520435	0.01893399	0.0006381671	0.01856982	0.01191358	0.002320152	0.236743	0.4273986	0.0009013489	0.1572474	0.009406469	0.2363592	5.834335E-08	0.01086881	0.001020771	1.078775	0.001868869	0.05957292						
CKbyEmotion	20191217	S113-anger	0	MALE	FaceRecording-1	TestImage	AffRaw	20191217_161722337	400			4	1	640	490	8	0	34	40.80563	7.782552E-08	1.438387	0.001512978	2.238754E-05	-5.581474	98.47907	151.4943	-5.91313	1.147372	-0.06048524	18.06092	5.211313E-08	3.977597E-06	5.618458E-09	0.007378184	0.01174875	0.01413545	0.0010358	0.01452366	0.01280032	0.03239911	1.679682	0.4291259	0.0001265877	0.02397993	0.02385069	0.4138177	2.679384E-08	0.009671018	0.000681196	2.408113	0.00129869	0.06452718						
CKbyEmotion	20191217	S113-anger	0	MALE	FaceRecording-1	TestImage	AffRaw	20191217_161722377	440			4	1	640	490	9	0	34	75.85513	4.451007E-08	15.13965	0.001357251	1.474039E-05	-16.45932	98.74973	151.86	-7.020942	0.1538378	-0.1843111	14.62908	5.766451E-08	3.3652E-06	1.703593E-09	0.00941178	0.0101472	0.01294191	0.001535159	0.01146042	0.01320847	0.7523544	15.84684	0.431899	1.276573E-05	0.002733924	0.07242237	0.7950802	1.650884E-08	0.0104597	0.0004858456	4.780428	0.001187551	0.06188895						
CKbyEmotion	20191217	S113-anger	0	MALE	FaceRecording-1	TestImage	AffRaw	20191217_161722417	480			4	1	640	490	10	0	34	90.67967	2.212496E-08	33.96618	0.0011534	9.214366E-06	-20.76087	98.71616	151.2352	-6.557571	0.2880309	-0.3509233	12.3079	9.684226E-09	3.263306E-06	6.179758E-10	0.01269037	0.006260755	0.01108642	0.002418423	0.009657212	0.01309943	3.289408	32.90469	0.4349498	4.837493E-06	0.001072381	0.1141399	1.046985	1.070316E-08	0.008567659	0.0003132956	8.162761	0.001015072	0.06550518						
CKbyEmotion	20191217	S113-anger	0	MALE	FaceRecording-1	TestImage	AffRaw	20191217_161722457	520			4	1	640	490	11	0	34	96.32661	1.620034E-08	43.50821	0.001212569	8.200869E-06	-21.76077	98.65643	150.2322	-8.06654	0.518427	-0.02319276	9.560808	9.451455E-08	3.659284E-06	2.880242E-10	0.01734879	0.00612645	0.01037373	0.004266565	0.00833642	0.01492122	7.317514	38.41035	0.4417177	3.342657E-06	0.0007232837	0.1316039	1.162401	9.1297E-09	0.009421486	0.0002619062	13.30456	0.001021303	0.06230346						
CKbyEmotion	20191217	S113-anger	0	MALE	FaceRecording-1	TestImage	AffRaw	20191217_161722497	560			4	1	640	490	12	0	34	98.57143	1.320079E-08	47.49393	0.001348529	7.084304E-06	-22.03434	98.7154	149.5426	-8.321813	-0.2910145	-0.4721045	8.102724	1.846884E-07	5.485928E-06	3.05151E-10	0.02398839	0.004315489	0.010735	0.007558038	0.007159651	0.01771046	11.24533	40.10485	0.4472497	2.885906E-06	0.0006139811	0.1384124	1.211615	8.457517E-09	0.009225022	0.0002031246	17.8076	0.0009559749	0.06251539						
CKbyEmotion	20191217	S113-anger	0	MALE	FaceRecording-1	TestImage	AffRaw	20191217_161722537	600			4	1	640	490	13	0	34	99.30488	1.06286E-08	48.8163	0.001548116	5.287703E-06	-22.01841	98.6869	149.2616	-7.605342	0.4021919	-0.6666	7.303171	1.11125E-07	6.963824E-06	3.005026E-10	0.03212129	0.00558586	0.008421909	0.01750091	0.005457402	0.01859484	25.1034	40.14412	0.4553634	2.750512E-06	0.0005780767	0.140003	1.227968	7.169278E-09	0.01041995	0.0001050897	35.37679	0.0008586491	0.05247049						
CKbyEmotion	20191217	S113-anger	0	MALE	FaceRecording-1	TestImage	AffRaw	20191217_161722577	640			4	1	640	490	14	0	34	99.62805	1.00638E-08	49.41563	0.001957201	4.738186E-06	-21.70442	98.71633	150.0198	-6.890222	0.2873687	-0.1983659	6.022873	6.175219E-07	2.229254E-05	9.632696E-10	0.04468106	0.01078527	0.005594086	0.04321121	0.004657697	0.0207512	53.3982	38.68037	0.4676768	2.692805E-06	0.0005525072	0.1385715	1.235235	7.242782E-09	0.01060754	5.708806E-05	58.35798	0.0008456298	0.04387832						
CKbyEmotion	20191217	S113-anger	0	MALE	FaceRecording-1	TestImage	AffRaw	20191217_161722617	680			4	1	640	490	15	0	34	99.79018	8.645771E-09	49.8681	0.002498657	4.13809E-06	-21.41851	98.64133	149.1779	-7.311493	0.575084	0.04572612	4.900004	4.628953E-07	0.0001083798	5.02855E-09	0.07580594	0.01520316	0.003257086	0.1359493	0.004089278	0.02404206	75.24658	37.1925	0.4858837	2.664267E-06	0.0005349428	0.1367546	1.238876	7.229546E-09	0.01157773	2.978242E-05	76.66701	0.000837499	0.04070796						
CKbyEmotion	20191217	S113-anger	0	MALE	FaceRecording-1	TestImage	AffRaw	20191217_161722657	720			4	1	640	490	16	0	34	99.86508	6.122625E-09	50.41685	0.002895799	3.331626E-06	-21.43982	98.71144	148.9677	-5.530492	0.3066337	-0.3196401	4.600763	9.091405E-08	0.000352671	1.696807E-08	0.09933142	0.04425022	0.002410987	0.368351	0.003157102	0.03143954	84.96588	36.83886	0.49348	2.651193E-06	0.0005293347	0.1364224	1.240474	6.757109E-09	0.01198144	1.713974E-05	88.69579	0.0007683247	0.03876923						
CKbyEmotion	20191217	S113-anger	0	MALE	FaceRecording-1	TestImage	AffRaw	20191217_161722697	760			4	1	640	490	17	0	34	99.9113	5.582577E-09	51.82249	0.003693662	3.20951E-06	-21.56174	98.39028	149.0356	-6.022632	1.435578	0.4346562	4.048411	2.718631E-08	0.001718597	9.201045E-08	0.1514419	0.1071051	0.001852576	1.109741	0.00275111	0.03953503	88.11987	36.0229	0.5121326	2.64316E-06	0.000522037	0.1353913	1.241483	7.298001E-09	0.01346163	9.129346E-06	93.59689	0.0007713414	0.03630813						
CKbyEmotion	20191217	S113-anger	0	MALE	FaceRecording-1	TestImage	AffRaw	20191217_161722737	800			4	1	640	490	18	0	34	99.94028	4.56087E-09	55.51208	0.004182725	3.210833E-06	-21.98972	98.33855	149.0078	-6.56105	1.596358	0.5374017	2.986814	7.513572E-08	0.008011512	4.6401E-07	0.2144521	0.2597419	0.001500814	3.159075	0.00262624	0.05037001	89.78375	34.37695	0.5395923	2.638133E-06	0.0005101609	0.1331542	1.242133	8.287309E-09	0.01605051	7.816358E-06	96.05602	0.0007693953	0.03473887						
CKbyEmotion	20191217	S113-anger	0	MALE	FaceRecording-1	TestImage	AffRaw	20191217_161722777	840			4	1	640	490	19	0	34	99.95714	4.457037E-09	64.14907	0.004825974	3.510853E-06	-23.59788	98.49146	148.8969	-6.243573	1.105888	0.2637873	2.264443	7.510477E-08	0.03725808	2.406996E-06	0.3328927	0.4413773	0.001475974	8.188617	0.002377746	0.06367198	90.54424	33.21631	0.5683969	2.635222E-06	0.0005023561	0.1316261	1.242489	1.066656E-08	0.0163284	8.925353E-06	97.14175	0.0007660332	0.03682674						
CKbyEmotion	20191217	S113-anger	0	MALE	FaceRecording-1	TestImage	AffRaw	20191217_161722817	880			4	1	640	490	20	0	34	99.95864	4.284729E-09	78.13657	0.005220998	3.689589E-06	-27.0366	98.12973	150.1463	-5.623656	2.198978	0.2369412	1.936047	2.461631E-08	0.1425031	1.062531E-05	0.4564393	0.7798668	0.001299513	17.87236	0.002200121	0.07286616	90.58578	32.56594	0.5712585	2.63496E-06	0.0004990066	0.1309204	1.2425	1.295809E-08	0.02055428	9.330935E-06	96.96293	0.0007722924	0.03542781						
CKbyEmotion	20191217	S113-anger	0	MALE	FaceRecording-1	TestImage	AffRaw	20191217_161722857	920			4	1	640	490	21	0	34	99.96925	4.293613E-09	90.16288	0.005849251	3.684181E-06	-31.83204	98.13972	149.8589	-5.803865	2.171644	0.6089051	1.846857	4.980852E-08	0.29358	2.41104E-05	0.5739551	1.251626	0.001388464	31.04711	0.001963748	0.08644278	90.73632	32.23829	0.6059865	2.633131E-06	0.0004978373	0.1307552	1.242713	1.463707E-08	0.02531344	1.008628E-05	97.22649	0.0007658418	0.03905774						
CKbyEmotion	20191217	S113-anger	0	MALE	FaceRecording-1	TestImage	AffRaw	20191217_161722897	960			4	1	640	490	22	0	34	99.97788	4.148397E-09	97.18224	0.006611674	3.470904E-06	-38.44265	98.46859	150.9206	-5.987329	1.182272	0.5434238	1.939973	1.605351E-07	0.5022689	4.461934E-05	0.7606978	1.284355	0.001235785	49.59111	0.001641627	0.105259	90.62901	32.3087	0.6590059	2.631635E-06	0.0004985238	0.1309859	1.24287	1.555638E-08	0.03104723	1.069799E-05	97.03577	0.0007586229	0.04090922						
