#Study : CKbyEmotion
#Date : 20191217 17:25:43
#Version : 7.2.15327.0
#TestRunDate : 20191217 16:29:45.832 (+02:00)

StudyName	ExportDate	Name	Age	Gender	StimulusName	SlideType	EventSource	Timestamp	MediaTime	PostMarker	Annotation	version	Number of faces	width	height	FrameIndex	faceid	#classifiers	Brow Furrow	Brow Raise	Engagement	Lip Corner Depressor	Smile	Valence	Attention	Interocular Distance	Pitch	Yaw	Roll	InnerBrowRaise	EyeClosure	NoseWrinkle	UpperLipRaise	LipSuck	LipPress	MouthOpen	ChinRaise	Smirk	LipPucker	Anger	Sadness	Disgust	Joy	Surprise	Fear	Contempt	Cheek Raise	Dimpler	Eye Widen	Lid Tighten	Lip Stretch	Jaw Drop	LiveMarker	KeyStroke	MarkerText	SceneType	SceneOutput	SceneParent
CKbyEmotion	20191217	S138-contempt	0	MALE	FaceRecording-1	TestImage	AffRaw	20191217_162945912	80			4	1	640	490	0	0	34	9.699062E-05	8.59814E-05	0.07953081	0.0008490358	0.0005886137	0	98.769	146.5182	0.5227693	-0.07524828	0.1328097	0.007604996	4.201878E-13	3.14424E-06	4.223983E-06	0.01439805	0.007833235	0.09610426	0.00874206	0.0004191361	0.007726147	0.002151792	0.02198332	0.4262983	0.001832445	0.1983663	0.005868705	0.1926739	9.270598E-07	0.01078684	2.580244	0.004648291	0.00142313	0.04098239						
CKbyEmotion	20191217	S138-contempt	0	MALE	FaceRecording-1	TestImage	AffRaw	20191217_162945952	120			4	1	640	490	1	0	34	0.0004747866	4.007116E-05	0.07954313	0.002615904	0.000636877	0	97.89466	143.5676	1.271813	2.802933	0.1256926	0.01245818	1.456458E-12	8.682983E-06	5.118062E-06	0.02022544	0.01980425	0.04775561	0.008272476	0.001717604	0.09789579	0.002009906	0.02357855	0.4258255	0.001830806	0.1941676	0.004779427	0.1927011	1.285299E-06	0.1320473	0.5294577	0.004187962	0.002997442	0.05142005						
CKbyEmotion	20191217	S138-contempt	0	MALE	FaceRecording-1	TestImage	AffRaw	20191217_162945992	160			4	1	640	490	2	0	34	0.0003632585	3.182931E-05	0.0795177	0.003228906	0.0005995164	0	97.99255	144.3056	2.161453	2.559876	0.872968	0.01039317	1.832063E-12	4.170641E-06	1.979964E-06	0.0335805	0.02391472	0.0284976	0.00544677	0.002649718	0.09353391	0.00200595	0.02364533	0.4254072	0.001830167	0.1939433	0.004740933	0.1927202	1.030685E-06	0.120128	0.4512649	0.003703665	0.003498957	0.05844574						
CKbyEmotion	20191217	S138-contempt	0	MALE	FaceRecording-1	TestImage	AffRaw	20191217_162946032	200			4	1	640	490	3	0	34	0.0003659931	1.631451E-05	0.07991815	0.002806635	0.000790348	0	98.17008	143.4521	1.323601	2.087854	-0.2434006	0.012776	1.678818E-12	3.896173E-06	1.24171E-06	0.1454563	0.1081555	0.0113842	0.009603372	0.005788615	0.1639121	0.002010744	0.0236617	0.4229408	0.001829656	0.1936372	0.004697599	0.1927817	1.329576E-06	0.6198354	0.3536348	0.004545067	0.01029046	0.04719498						
CKbyEmotion	20191217	S138-contempt	0	MALE	FaceRecording-1	TestImage	AffRaw	20191217_162946072	240			4	1	640	490	4	0	34	0.0002979765	1.135822E-05	0.08557755	0.003608724	0.00106129	0	98.60484	144.4056	1.375365	0.7094236	-0.2389333	0.01388384	5.940041E-12	2.673286E-06	6.516189E-07	1.122653	1.065934	0.005998298	0.02946586	0.01099204	0.1207597	0.002111599	0.0229286	0.4031662	0.001829567	0.1935211	0.004698961	0.192884	1.582695E-06	4.16578	0.338052	0.004848443	0.06240919	0.03037859						
CKbyEmotion	20191217	S138-contempt	0	MALE	FaceRecording-1	TestImage	AffRaw	20191217_162946112	280			4	1	640	490	5	0	34	0.0002670229	7.828578E-06	0.1610588	0.004906191	0.001966574	0	98.75864	145.5959	1.140581	0.1176596	0.371673	0.01501257	2.897408E-12	1.972436E-06	3.506569E-07	4.189508	9.986108	0.004030984	0.0730684	0.02134046	0.1355945	0.002468526	0.01875144	0.3469856	0.001829777	0.1935619	0.004766578	0.1930825	2.563857E-06	27.47429	0.382557	0.004575941	0.4444838	0.01989844						
CKbyEmotion	20191217	S138-contempt	0	MALE	FaceRecording-1	TestImage	AffRaw	20191217_162946152	320			4	1	640	490	6	0	34	0.0001812146	4.681314E-06	6.671945	0.004076535	0.006516306	-11.45807	98.73903	145.4051	1.091373	0.1970288	0.533592	0.01510581	1.782598E-13	1.793456E-06	2.571785E-07	12.67839	63.06488	0.002463315	0.2251092	0.03978352	0.04260084	0.003792208	0.006718392	0.228928	0.001831096	0.1935409	0.00491165	0.1933943	7.82601E-06	45.16813	0.3868182	0.004254587	1.630459	0.01394652						
CKbyEmotion	20191217	S138-contempt	0	MALE	FaceRecording-1	TestImage	AffRaw	20191217_162946192	360			4	1	640	490	7	0	34	0.0001472369	4.243986E-06	45.39563	0.004726181	0.01927149	-28.72736	98.59597	145.1414	1.415055	-0.7415999	0.5185314	0.01461215	2.82554E-14	2.120807E-06	2.041711E-07	28.2849	97.41408	0.002770775	0.5070257	0.06557634	0.02629494	0.008350265	0.002918029	0.1064533	0.001834937	0.1935625	0.005451384	0.1937389	2.308393E-05	69.02623	0.4019383	0.004006003	5.772845	0.01201974						
CKbyEmotion	20191217	S138-contempt	0	MALE	FaceRecording-1	TestImage	AffRaw	20191217_162946232	400			4	1	640	490	8	0	34	0.0001368898	3.916311E-06	49.56429	0.00573335	0.04485736	-35.57124	98.66734	145.1301	1.113808	-0.4771493	0.1308697	0.01381679	3.193949E-14	1.947067E-06	1.528602E-07	45.56585	99.75585	0.002740847	0.8609669	0.09900843	0.01623695	0.02000951	0.002100704	0.04552884	0.001842637	0.1935425	0.005835934	0.1940548	5.403984E-05	69.81126	0.3978996	0.003939297	8.582036	0.009658953						
