#Study : CKbyEmotion
#Date : 20191217 20:50:00
#Version : 7.2.15327.0
#TestRunDate : 20191217 19:48:27.020 (+02:00)

StudyName	ExportDate	Name	Age	Gender	StimulusName	SlideType	EventSource	Timestamp	MediaTime	PostMarker	Annotation	version	Number of faces	width	height	FrameIndex	faceid	#classifiers	Brow Furrow	Brow Raise	Engagement	Lip Corner Depressor	Smile	Valence	Attention	Interocular Distance	Pitch	Yaw	Roll	InnerBrowRaise	EyeClosure	NoseWrinkle	UpperLipRaise	LipSuck	LipPress	MouthOpen	ChinRaise	Smirk	LipPucker	Anger	Sadness	Disgust	Joy	Surprise	Fear	Contempt	Cheek Raise	Dimpler	Eye Widen	Lid Tighten	Lip Stretch	Jaw Drop	LiveMarker	KeyStroke	MarkerText	SceneType	SceneOutput	SceneParent
CKbyEmotion	20191217	S115-surprise	0	MALE	FaceRecording-1	TestImage	AffRaw	20191217_194827100	80			4	1	640	490	0	0	34	0.03420506	0.0001499631	0.1107684	0.001704364	0.04929895	0	98.11637	148.6333	-2.514852	2.235244	-4.446398	0.06034091	9.869938E-13	0.03602444	0.3428038	0.0002702545	0.006456111	4.702705	0.03705256	0.0001502788	0.06694838	0.002301739	0.02055853	0.4702694	0.002003992	0.2238329	0.004327313	0.1920897	0.004536282	0.002168447	0.07746872	0.005939987	0.0004137284	1.635549						
CKbyEmotion	20191217	S115-surprise	0	MALE	FaceRecording-1	TestImage	AffRaw	20191217_194827140	120			4	1	640	490	1	0	34	0.03623501	0.0001419296	0.115652	0.00263448	0.050475	0	98.36296	149.3434	-2.524637	1.521122	-4.709402	0.05263599	1.086257E-12	0.02841046	0.22599	0.000250875	0.01397546	5.307207	0.02941677	0.0001583433	0.1844064	0.002349689	0.02002593	0.4729386	0.002026261	0.2266414	0.004428972	0.1920803	0.004322845	0.006683688	0.2443244	0.007077588	0.0008792963	1.435173						
CKbyEmotion	20191217	S115-surprise	0	MALE	FaceRecording-1	TestImage	AffRaw	20191217_194827180	160			4	1	640	490	2	0	34	0.08270146	0.0001351783	0.2060276	0.001608569	0.07461452	0	98.0583	148.1621	-3.092211	2.39	-5.599962	0.09792779	1.878975E-12	0.08788238	0.7019997	0.000235067	0.008092896	13.35218	0.02245289	0.000182575	0.08592178	0.003073967	0.0154301	0.5597606	0.002347546	0.2754924	0.0044205	0.1919008	0.007880233	0.002659612	0.1709985	0.01009427	0.0005646964	1.293785						
CKbyEmotion	20191217	S115-surprise	0	MALE	FaceRecording-1	TestImage	AffRaw	20191217_194827220	200			4	1	640	490	3	0	34	0.09838547	0.0005997177	0.2619048	0.001130828	0.1147954	0	98.14718	149.9001	-3.074552	2.151217	-5.445969	0.08118428	6.466771E-12	0.1879735	1.723443	0.0002976561	0.01450461	16.61952	0.01884719	0.0001383909	0.08693439	0.003424856	0.0137006	0.6228703	0.002505049	0.3031757	0.004406741	0.1913798	0.01433275	0.001679761	0.3880906	0.007748497	0.0004479254	1.9652						
CKbyEmotion	20191217	S115-surprise	0	MALE	FaceRecording-1	TestImage	AffRaw	20191217_194827260	240			4	1	640	490	4	0	34	0.03611365	0.001361241	3.176881	0.001109162	0.1349748	0	98.1091	147.4263	-0.4844163	2.254849	-6.314596	0.08050781	4.796413E-11	0.07617162	1.187031	0.0002206103	0.0244048	52.08602	0.01986839	0.0003450501	0.1831493	0.01109545	0.004154814	1.142202	0.004808971	0.7844973	0.004006533	0.1908725	0.01273398	0.001956762	0.5322881	0.005425971	0.0003987696	5.150442						
CKbyEmotion	20191217	S115-surprise	0	MALE	FaceRecording-1	TestImage	AffRaw	20191217_194827300	280			4	1	640	490	5	0	34	0.009516132	0.04207563	30.41995	0.0008411338	0.0823305	0	98.01817	147.3804	2.692106	2.494353	-6.807548	0.08250059	9.919168E-11	0.01042759	0.3397594	0.0002718888	0.03120355	88.37461	0.04044942	0.0002759352	0.2890951	0.03714428	0.001196411	2.108662	0.009225999	2.549881	0.002824633	0.1915294	0.004995549	0.001761109	1.608098	0.004314942	0.0004866441	18.90383						
CKbyEmotion	20191217	S115-surprise	0	MALE	FaceRecording-1	TestImage	AffRaw	20191217_194827340	320			4	1	640	490	6	0	34	0.002915387	1.86743	44.15753	0.0006154425	0.04592608	0	98.5947	147.302	5.089423	0.7461566	-6.551974	0.08672559	1.686857E-10	0.001409068	0.09089525	0.0001574946	0.0362	94.84576	0.04419071	0.0002282628	0.4637928	0.04175129	0.0008523507	2.345615	0.009722224	5.796509	0.00129276	0.1920274	0.001945216	0.0007411372	4.004345	0.003418069	0.000357622	47.78399						
CKbyEmotion	20191217	S115-surprise	0	MALE	FaceRecording-1	TestImage	AffRaw	20191217_194827380	360			4	1	640	490	7	0	34	0.002128655	54.9612	97.38514	0.0007128618	0.03321315	0	97.90327	145.7323	7.169767	2.781998	-5.868164	0.1064943	3.49644E-09	0.0002257726	0.03023404	0.00014358	0.03964879	95.6833	0.07988186	0.0002159937	0.7073739	0.002315976	0.0001308469	2.376627	0.001733389	61.66072	0.0005127265	0.1922071	0.001188417	0.0007220955	19.62735	0.003181311	0.0003566404	69.33768						
