#Study : ck_happy
#Date : 20201109 13:28:55
#Version : 7.2.17995.2
#TestRunDate : 20201109 13:22:15.339 (+02:00)

StudyName	ExportDate	Name	Age	Gender	StimulusName	SlideType	EventSource	Timestamp	MediaTime	PostMarker	Annotation	version	Number of faces	width	height	FrameIndex	faceid	#classifiers	Brow Furrow	Brow Raise	Engagement	Lip Corner Depressor	Smile	Valence	Attention	Interocular Distance	Pitch	Yaw	Roll	InnerBrowRaise	EyeClosure	NoseWrinkle	UpperLipRaise	LipSuck	LipPress	MouthOpen	ChinRaise	Smirk	LipPucker	Anger	Sadness	Disgust	Joy	Surprise	Fear	Contempt	Cheek Raise	Dimpler	Eye Widen	Lid Tighten	Lip Stretch	Jaw Drop	LiveMarker	KeyStroke	MarkerText	SceneType	SceneOutput	SceneParent
ck_happy	20201109	S100-happy	0	MALE	FaceRecording-1	TestImage	AffRaw	20201109_132215419	80			4	1	640	490	0	0	34	3.076676E-05	0.04362223	0.09357014	0.0011025	0.003492187	0	97.87587	162.8356	3.280778	2.848326	6.08387	0.07732173	1.70278E-11	1.161647E-06	9.118156E-06	0.0002182461	0.002545557	2.330487	0.003477299	2.449431E-06	0.03311463	0.002366032	0.01852335	0.4441294	0.001906616	0.2174683	0.007896	0.1926232	7.859608E-06	0.0005031881	5.595229	0.02170956	0.0003882356	0.1682221						
ck_happy	20201109	S100-happy	0	MALE	FaceRecording-1	TestImage	AffRaw	20201109_132215459	120			4	1	640	490	1	0	34	0.02257672	0.01899924	0.4164704	0.001056707	0.02975227	0	97.47497	161.6563	1.923608	3.733302	6.992009	0.1629605	1.708284E-11	0.001528668	0.003298724	0.0005673436	0.002197339	23.30031	0.01056142	1.857822E-05	0.0212388	0.004260158	0.01062177	0.648145	0.002801674	0.3538032	0.005200064	0.1923264	0.0002789197	0.0007931509	1.499492	0.02033577	0.0007593178	0.4501398						
ck_happy	20201109	S100-happy	0	MALE	FaceRecording-1	TestImage	AffRaw	20201109_132215499	160			4	1	640	490	2	0	34	0.07272741	0.04376072	4.59295	0.0007698929	0.1648082	0	97.25255	161.707	1.593279	4.166821	7.174233	0.261241	1.130589E-11	0.007216035	0.02844933	0.002252774	0.002686775	57.45645	0.007214295	2.657143E-05	0.02643066	0.01316517	0.003331695	1.191412	0.005308029	0.8313097	0.005526254	0.1905708	0.00226593	0.002602361	2.147667	0.02234615	0.001328088	0.3743759						
ck_happy	20201109	S100-happy	0	MALE	FaceRecording-1	TestImage	AffRaw	20201109_132215539	200			4	1	640	490	3	0	34	0.0287415	0.01844049	2.818977	0.0003147825	0.6691032	0	97.23793	162.0666	1.196691	4.194114	7.223617	0.4247151	2.335597E-11	0.01306637	0.03393747	0.003823301	0.005493787	50.40844	0.008862119	0.000174379	0.008488475	0.009977027	0.004141427	1.016973	0.005090143	0.6980305	0.005245652	0.1833625	0.01225148	0.02877495	1.904524	0.02866687	0.01018189	0.2697142						
ck_happy	20201109	S100-happy	0	MALE	FaceRecording-1	TestImage	AffRaw	20201109_132215579	240			4	1	640	490	4	0	34	0.01203387	0.01187076	2.525616	0.0002895624	5.434341	0	97.83529	157.3416	0.635524	2.945004	6.088275	0.4623376	1.594479E-09	0.005159161	0.008446818	0.001827171	0.01566425	48.84449	0.0153571	0.0008164349	0.002458612	0.006887247	0.003179209	0.7288712	0.01080369	0.6709196	0.003842029	0.1283009	0.07635874	0.1073633	1.908984	0.06402871	0.08098131	0.1567711						
ck_happy	20201109	S100-happy	0	MALE	FaceRecording-1	TestImage	AffRaw	20201109_132215619	280			4	1	640	490	5	0	34	0.006234707	0.004812944	10.86975	0.0004799615	21.69477	16.96742	97.61515	154.9828	-0.6056527	3.440511	6.922982	0.5206179	3.425233E-08	0.003703767	0.003503364	0.001245078	0.04978464	70.53615	0.03517009	0.002353312	0.001781902	0.004798517	0.0004980785	0.385015	0.2289506	1.1687	0.00151441	0.03793236	0.2758054	0.2179006	3.398339	0.1062694	0.3161795	0.2406155						
ck_happy	20201109	S100-happy	0	MALE	FaceRecording-1	TestImage	AffRaw	20201109_132215659	320			4	1	640	490	6	0	34	0.002486866	0.003119787	39.09254	0.0005331186	46.89603	43.86507	97.72729	152.9312	0.2265039	3.193957	6.51149	0.4994724	4.421782E-07	0.002242716	0.001435005	0.001422907	0.2262453	76.70674	0.1030302	0.003916319	0.001047969	0.001103603	7.501979E-05	0.08618031	13.69577	1.365396	0.000285426	0.005732366	0.9115002	0.1869092	3.477825	0.1857002	0.6504834	0.3789625						
ck_happy	20201109	S100-happy	0	MALE	FaceRecording-1	TestImage	AffRaw	20201109_132215699	360			4	1	640	490	7	0	34	0.002148491	0.003159241	82.69815	0.0006699914	60.95069	58.48407	97.80309	152.1892	-1.229837	3.020479	7.532577	0.4898228	8.690986E-06	0.009954381	0.003141042	0.001612112	1.838575	77.16906	0.2805008	0.002973791	0.001292884	0.0004419902	2.796322E-05	0.03820382	61.47891	1.386027	0.0001189517	0.001997627	1.622704	0.2985535	3.685796	0.3085123	2.409994	0.4659403						
ck_happy	20201109	S100-happy	0	MALE	FaceRecording-1	TestImage	AffRaw	20201109_132215739	400			4	1	640	490	8	0	34	0.001881577	0.00270779	95.45867	0.0009492785	71.31831	67.02804	98.02597	154.0157	0.1514847	2.474207	6.537187	0.4905885	1.412648E-05	0.005312744	0.00143498	0.002179506	10.45625	84.44092	0.5279443	0.003573169	0.0009653636	0.0002850245	9.557933E-06	0.02636975	90.85664	1.660666	5.906273E-05	0.0009180137	2.509611	0.2487934	3.576613	0.5104201	2.678613	0.608559						
ck_happy	20201109	S100-happy	0	MALE	FaceRecording-1	TestImage	AffRaw	20201109_132215779	440			4	1	640	490	9	0	34	0.001840412	0.002582252	98.37897	0.001046983	78.74037	66.69408	97.68654	153.9262	1.713614	3.2849	6.309077	0.4852584	7.633793E-06	0.003735326	0.0006002865	0.002855234	37.60947	86.43491	0.8503959	0.003755491	0.00140248	0.000187588	3.443919E-06	0.02089432	97.19968	1.750642	3.981628E-05	0.0005261474	3.766743	0.3413193	3.773814	0.7060909	6.043724	0.7069634						
ck_happy	20201109	S100-happy	0	MALE	FaceRecording-1	TestImage	AffRaw	20201109_132215819	480			4	1	640	490	10	0	34	0.001546152	0.002825573	98.6243	0.001026471	79.90647	64.23744	97.57964	152.8939	-0.1430314	3.516227	6.559654	0.4886289	5.591547E-06	0.003290856	0.0004163372	0.002838943	51.13786	83.44573	1.080999	0.003998466	0.001259162	0.0001584201	2.821642E-06	0.01842299	97.54818	1.625274	3.709863E-05	0.0004820965	5.374498	0.241384	3.651243	0.877282	6.832638	0.720786						
ck_happy	20201109	S100-happy	0	MALE	FaceRecording-1	TestImage	AffRaw	20201109_132215859	520			4	1	640	490	11	0	34	0.001648467	0.003428667	99.11906	0.001170535	83.06154	62.94902	98.25954	152.8952	-0.2679343	1.83268	6.22014	0.535548	1.402906E-05	0.007144326	0.001052751	0.002779745	67.4091	82.8357	1.399434	0.005122377	0.00142501	0.0001277511	1.782291E-06	0.02055871	98.50603	1.603511	3.44937E-05	0.0003805573	6.929521	0.2817769	3.691795	1.226988	12.15333	0.7298048						
ck_happy	20201109	S100-happy	0	MALE	FaceRecording-1	TestImage	AffRaw	20201109_132215899	560			4	1	640	490	12	0	34	0.001806686	0.003230077	99.43898	0.001167227	86.24277	66.45374	97.80303	154.6249	2.246175	3.020622	6.487045	0.5708527	2.587537E-05	0.01558172	0.002555598	0.004086608	69.16267	85.74777	1.819611	0.005384029	0.001240293	0.0001144692	1.264622E-06	0.02307893	99.15256	1.728825	2.781282E-05	0.0002997881	8.917865	0.2461501	3.904735	1.360622	11.20988	0.7749628						
ck_happy	20201109	S100-happy	0	MALE	FaceRecording-1	TestImage	AffRaw	20201109_132215939	600			4	1	640	490	13	0	34	0.00165283	0.004162559	99.34746	0.001078916	85.17847	63.53613	98.15416	153.8614	0.7006959	2.131959	5.948647	0.7401438	2.905126E-05	0.03228127	0.006875461	0.005210349	74.95669	89.46661	4.192554	0.008102533	0.001376027	0.0001451603	1.114657E-06	0.02292985	99.05815	1.895483	3.421332E-05	0.0003247915	10.9721	0.5884873	3.541182	2.355349	18.0627	0.8225674						
ck_happy	20201109	S100-happy	0	MALE	FaceRecording-1	TestImage	AffRaw	20201109_132215979	640			4	1	640	490	14	0	34	0.001706317	0.004307016	99.54588	0.001251427	87.73003	70.44664	97.98348	154.3405	-0.684719	2.582859	5.823259	0.8213717	2.199145E-05	0.04094473	0.008041616	0.005655982	62.83383	91.87194	6.265357	0.008041464	0.001164513	0.000144908	1.0471E-06	0.02631999	99.40411	2.025384	2.868694E-05	0.0002682212	13.43835	0.8645976	4.1322	4.186831	15.39779	0.8195015						
ck_happy	20201109	S100-happy	0	MALE	FaceRecording-1	TestImage	AffRaw	20201109_132216019	680			4	1	640	490	15	0	34	0.001870567	0.004816112	99.63072	0.001359924	89.18372	71.367	97.97416	154.5383	-0.00333039	2.606416	5.763026	0.8424999	9.582047E-06	0.05880887	0.01003365	0.004794945	61.84976	92.19781	12.03127	0.008987334	0.001293403	0.0001439124	9.685049E-07	0.0277077	99.53242	2.037078	2.862886E-05	0.0002405409	15.6029	1.349776	3.774518	5.787863	20.66831	0.8629028						
