#Study : CKbyEmotion
#Date : 20191217 16:25:44
#Version : 7.2.15327.0
#TestRunDate : 20191217 16:17:21.449 (+02:00)

StudyName	ExportDate	Name	Age	Gender	StimulusName	SlideType	EventSource	Timestamp	MediaTime	PostMarker	Annotation	version	Number of faces	width	height	FrameIndex	faceid	#classifiers	Brow Furrow	Brow Raise	Engagement	Lip Corner Depressor	Smile	Valence	Attention	Interocular Distance	Pitch	Yaw	Roll	InnerBrowRaise	EyeClosure	NoseWrinkle	UpperLipRaise	LipSuck	LipPress	MouthOpen	ChinRaise	Smirk	LipPucker	Anger	Sadness	Disgust	Joy	Surprise	Fear	Contempt	Cheek Raise	Dimpler	Eye Widen	Lid Tighten	Lip Stretch	Jaw Drop	LiveMarker	KeyStroke	MarkerText	SceneType	SceneOutput	SceneParent
CKbyEmotion	20191217	S087-anger	0	MALE	FaceRecording-1	TestImage	AffRaw	20191217_161721529	80			4	1	640	490	0	0	34	0.03823852	3.991298E-07	0.0974237	0.0007072098	0.2284826	0	98.30302	144.5698	1.232731	1.703969	0.7736098	0.008637279	4.903888E-10	0.0001419745	1.464575E-05	0.132814	0.01083836	2.901423	0.02416191	0.07531099	0.01000737	0.002150005	0.02122951	0.4394091	0.001996613	0.2079215	0.00464201	0.1910615	0.004911462	0.005932973	0.3932595	0.03181715	0.002028306	0.09848113						
CKbyEmotion	20191217	S087-anger	0	MALE	FaceRecording-1	TestImage	AffRaw	20191217_161721569	120			4	1	640	490	1	0	34	0.1449103	2.343674E-08	0.09456101	0.000598164	0.07847591	0	98.10705	146.5598	-1.90272	2.260392	1.67308	0.01981825	2.183021E-10	7.471255E-05	3.60588E-06	0.1090783	0.01038955	2.376812	0.01236519	0.1086074	0.0155943	0.002155592	0.02206051	0.4402424	0.001916281	0.2038302	0.004682009	0.1942899	0.0008064613	0.005330481	0.3401083	0.06497419	0.002027796	0.09395733						
CKbyEmotion	20191217	S087-anger	0	MALE	FaceRecording-1	TestImage	AffRaw	20191217_161721609	160			4	1	640	490	2	0	34	0.3102198	3.848486E-08	0.09135089	0.0007786012	0.09021384	0	98.18718	144.4902	-0.1612439	2.040034	0.7202263	0.01291791	7.082645E-09	0.0001261296	4.827732E-06	0.09296773	0.01422119	1.72753	0.01640235	0.0775606	0.009991622	0.002144947	0.02302243	0.4352221	0.001877014	0.1979588	0.00456981	0.1940807	0.001120851	0.006554703	0.04966586	0.1332151	0.002866485	0.08924765						
CKbyEmotion	20191217	S087-anger	0	MALE	FaceRecording-1	TestImage	AffRaw	20191217_161721649	200			4	1	640	490	3	0	34	0.2550689	1.821099E-08	0.09261192	0.0006592966	0.06521617	0	98.35619	145.5321	-1.266998	1.542118	0.08923113	0.009690422	2.199408E-05	6.846798E-05	2.281926E-06	0.03275343	0.01076679	1.974795	0.01192333	0.055186	0.009920835	0.002186025	0.02282713	0.4396977	0.001884565	0.1998184	0.004547616	0.1937833	0.0006714587	0.00432825	0.009224838	0.4036651	0.001957025	0.106598						
CKbyEmotion	20191217	S087-anger	0	MALE	FaceRecording-1	TestImage	AffRaw	20191217_161721689	240			4	1	640	490	4	0	34	0.3681065	3.326606E-08	0.09891391	0.0006445317	0.04685862	0	98.14478	145.7512	0.1098061	2.157813	1.12706	0.009093931	0.002421414	8.1244E-05	2.832069E-06	0.04801494	0.01103847	2.784291	0.01611974	0.04627711	0.01333466	0.002334835	0.0224306	0.4484807	0.001892715	0.202531	0.004569061	0.1942771	0.0004720294	0.006283022	0.007646468	0.9677868	0.002774813	0.1107959						
CKbyEmotion	20191217	S087-anger	0	MALE	FaceRecording-1	TestImage	AffRaw	20191217_161721729	280			4	1	640	490	5	0	34	0.574742	3.239545E-08	0.104553	0.000619842	0.04199212	0	98.29805	145.5845	0.5314884	1.718841	1.057696	0.007235715	0.005374248	9.004562E-05	2.868603E-06	0.04411114	0.0151933	3.354657	0.02760974	0.03045336	0.01463291	0.002495233	0.02235638	0.4582972	0.001885252	0.2029922	0.004598439	0.1947737	0.0003991444	0.007327182	0.007535499	1.563977	0.002728025	0.1336053						
CKbyEmotion	20191217	S087-anger	0	MALE	FaceRecording-1	TestImage	AffRaw	20191217_161721769	320			4	1	640	490	6	0	34	0.9285012	3.832927E-08	0.09950114	0.0003990508	0.02681858	0	98.54577	144.8019	-0.2647987	0.9197952	1.097454	0.005107828	0.001838668	8.938971E-05	2.372175E-06	0.025449	0.01779975	2.306848	0.02118749	0.02731389	0.01199965	0.002592376	0.02380267	0.453628	0.001802858	0.1935567	0.004657462	0.1962249	0.0002629596	0.005695472	0.00423091	2.414784	0.002280646	0.1238522						
CKbyEmotion	20191217	S087-anger	0	MALE	FaceRecording-1	TestImage	AffRaw	20191217_161721809	360			4	1	640	490	7	0	34	1.551818	3.297679E-08	0.1043526	0.0003551067	0.02583584	0	98.50562	144.1266	-0.285244	1.058014	1.076003	0.005304872	0.001190529	0.0001196061	2.412383E-06	0.02332397	0.02406757	2.3507	0.02028637	0.03767598	0.01285676	0.002830142	0.02490558	0.4629413	0.001731887	0.1866674	0.004755504	0.1987599	0.0002612295	0.005325704	0.003938561	3.100618	0.002242707	0.1233666						
CKbyEmotion	20191217	S087-anger	0	MALE	FaceRecording-1	TestImage	AffRaw	20191217_161721849	400			4	1	640	490	8	0	34	3.184544	3.359713E-08	0.1179381	0.000469325	0.02151376	0	98.63045	143.621	-1.007633	0.6155478	0.5407732	0.00619129	0.001931568	0.000238576	4.018853E-06	0.01585783	0.02592484	2.433264	0.0173023	0.05336286	0.02842111	0.00360699	0.02808438	0.4805676	0.001557586	0.1696289	0.005022853	0.2053337	0.0002372579	0.005649567	0.003712597	5.170437	0.001926674	0.1232844						
CKbyEmotion	20191217	S087-anger	0	MALE	FaceRecording-1	TestImage	AffRaw	20191217_161721889	440			4	1	640	490	9	0	34	5.524456	2.446573E-08	0.1432934	0.0005381244	0.01449004	0	98.68493	143.8763	-0.6857632	0.4097601	1.117232	0.005852364	0.001436981	0.0002195823	3.259816E-06	0.0229902	0.05767522	2.823187	0.0262672	0.05377026	0.05585415	0.004935746	0.0330313	0.5041677	0.001344366	0.1490046	0.005425521	0.2146453	0.0001580423	0.00808826	0.003825023	7.273864	0.001931151	0.1637679						
CKbyEmotion	20191217	S087-anger	0	MALE	FaceRecording-1	TestImage	AffRaw	20191217_161721929	480			4	1	640	490	10	0	34	8.086268	1.957749E-08	0.1684368	0.0006339392	0.01004556	0	98.44252	141.9976	-1.025824	1.267982	1.879053	0.005220779	0.0003570243	0.0003667457	4.344779E-06	0.02290649	0.1058789	2.528221	0.03991735	0.0491586	0.1541067	0.00630446	0.04040037	0.504277	0.001129926	0.1271014	0.005891584	0.2251482	0.0001119148	0.01201155	0.002799706	8.0897	0.00183055	0.2584895						
CKbyEmotion	20191217	S087-anger	0	MALE	FaceRecording-1	TestImage	AffRaw	20191217_161721969	520			4	1	640	490	11	0	34	12.1472	1.364312E-08	0.2212502	0.0007048981	0.008091091	0	98.11832	142.0075	-0.2340013	2.229952	1.055573	0.00542697	0.0002130779	0.0004153659	3.507333E-06	0.02548237	0.09876983	2.292971	0.06915458	0.05816674	0.4749641	0.01005219	0.05522012	0.5346808	0.0008622161	0.09934513	0.006714101	0.2431854	8.664659E-05	0.01364322	0.002678792	10.8073	0.001574225	0.4020574						
CKbyEmotion	20191217	S087-anger	0	MALE	FaceRecording-1	TestImage	AffRaw	20191217_161722009	560			4	1	640	490	12	0	34	14.13341	1.175434E-08	0.258829	0.0006837995	0.006800629	0	98.64394	141.4662	-1.659699	0.5653603	0.7267969	0.005363655	0.0002835929	0.0003686336	2.569458E-06	0.02732888	0.1106725	1.932721	0.1149885	0.06597609	1.366302	0.01227622	0.06484886	0.5772617	0.0007520025	0.08768172	0.007136305	0.2526228	6.593631E-05	0.014739	0.002616256	11.73326	0.001520426	0.5609164						
CKbyEmotion	20191217	S087-anger	0	MALE	FaceRecording-1	TestImage	AffRaw	20191217_161722049	600			4	1	640	490	13	0	34	16.89062	1.083912E-08	0.3406497	0.0006645917	0.005493766	0	98.483	141.5604	-1.135797	1.134256	1.137529	0.005370933	0.0001814159	0.0004378035	2.781311E-06	0.02590743	0.1314963	1.612848	0.1967118	0.0755583	3.608157	0.02718605	0.08057196	0.5540007	0.000624055	0.07411671	0.007755245	0.2662868	5.371439E-05	0.01849619	0.001663187	23.2532	0.001530686	0.8224701						
CKbyEmotion	20191217	S087-anger	0	MALE	FaceRecording-1	TestImage	AffRaw	20191217_161722089	640			4	1	640	490	14	0	34	19.85483	9.305967E-09	0.5163825	0.0006523214	0.004539077	0	98.37408	140.9209	-0.9623721	1.486475	1.038538	0.004467456	0.0001152995	0.0002986977	1.62772E-06	0.02127228	0.1423487	1.376797	0.3574213	0.07871444	6.49256	0.06861633	0.1013973	0.5855798	0.0005117168	0.0620795	0.008469183	0.2815772	4.143497E-05	0.01996676	0.001060036	36.99301	0.001364439	1.144058						
CKbyEmotion	20191217	S087-anger	0	MALE	FaceRecording-1	TestImage	AffRaw	20191217_161722129	680			4	1	640	490	15	0	34	24.69662	8.472775E-09	1.070603	0.0006349459	0.003957234	0	98.73053	142.6578	-1.742074	0.231006	0.9678597	0.00415756	9.891472E-05	0.0002020851	1.038474E-06	0.01921181	0.09989285	1.669832	0.4591902	0.0703847	11.9368	0.146243	0.1444214	0.616394	0.0003746859	0.04708093	0.009845816	0.3079952	3.461708E-05	0.01824266	0.001232788	43.8773	0.001187029	1.46847						
