#Study : CKbyEmotion
#Date : 20191217 20:50:00
#Version : 7.2.15327.0
#TestRunDate : 20191217 19:48:26.530 (+02:00)

StudyName	ExportDate	Name	Age	Gender	StimulusName	SlideType	EventSource	Timestamp	MediaTime	PostMarker	Annotation	version	Number of faces	width	height	FrameIndex	faceid	#classifiers	Brow Furrow	Brow Raise	Engagement	Lip Corner Depressor	Smile	Valence	Attention	Interocular Distance	Pitch	Yaw	Roll	InnerBrowRaise	EyeClosure	NoseWrinkle	UpperLipRaise	LipSuck	LipPress	MouthOpen	ChinRaise	Smirk	LipPucker	Anger	Sadness	Disgust	Joy	Surprise	Fear	Contempt	Cheek Raise	Dimpler	Eye Widen	Lid Tighten	Lip Stretch	Jaw Drop	LiveMarker	KeyStroke	MarkerText	SceneType	SceneOutput	SceneParent
CKbyEmotion	20191217	S102-surprise	0	MALE	FaceRecording-1	TestImage	AffRaw	20191217_194826610	80			4	1	640	490	0	0	34	7.534341E-07	7.958263E-06	0.0836885	0.002643951	0.001190681	0	94.90534	130.6826	5.645252	7.376561	5.139311	0.1125896	6.526849E-11	2.546513E-09	4.082112E-09	0.0007218682	0.003992768	0.8101774	0.001890249	0.0001035145	0.00472269	0.002019811	0.02355981	0.4321751	0.001856589	0.1981327	0.004509962	0.1926584	2.691555E-07	0.0007453354	0.006676476	0.02393799	0.0009465638	0.2710724						
CKbyEmotion	20191217	S102-surprise	0	MALE	FaceRecording-1	TestImage	AffRaw	20191217_194826650	120			4	1	640	490	1	0	34	8.981499E-07	6.331546E-05	0.08432078	0.002501545	0.002023526	0	95.66702	130.998	4.868703	6.526917	4.471515	0.1849903	5.527064E-11	5.036593E-09	8.690012E-09	0.0004241003	0.003676169	0.9155852	0.001266363	0.0002336177	0.006982394	0.002020815	0.02359249	0.433024	0.001860401	0.1988877	0.004515272	0.1926491	5.429546E-07	0.0007500029	0.002966383	0.02510668	0.0009170486	0.2591611						
CKbyEmotion	20191217	S102-surprise	0	MALE	FaceRecording-1	TestImage	AffRaw	20191217_194826690	160			4	1	640	490	2	0	34	3.163883E-06	2.57812E-05	0.08507319	0.006058181	0.003681951	0	95.51366	132.0987	4.585166	6.708836	5.933839	0.2235256	1.581437E-10	1.564389E-08	1.900895E-08	0.0007751457	0.006023036	1.040097	0.002026962	0.0002150654	0.006390503	0.00202556	0.02355105	0.4339571	0.001865125	0.1995687	0.004522632	0.1926248	1.223675E-06	0.002483299	0.006315707	0.0232707	0.001048452	0.2346664						
CKbyEmotion	20191217	S102-surprise	0	MALE	FaceRecording-1	TestImage	AffRaw	20191217_194826730	200			4	1	640	490	3	0	34	2.631635E-06	5.211815E-06	0.08279268	0.008416169	0.001822992	0	95.76462	132.3134	4.909276	6.407899	6.094931	0.1825199	1.837797E-10	5.791635E-09	5.916575E-09	0.0007113616	0.005204201	0.6593915	0.001662867	0.0001441182	0.004878241	0.002003472	0.02379291	0.4309956	0.001851698	0.1980808	0.004497532	0.1926501	5.203609E-07	0.00188307	0.004354431	0.021131	0.0008833659	0.3776825						
CKbyEmotion	20191217	S102-surprise	0	MALE	FaceRecording-1	TestImage	AffRaw	20191217_194826770	240			4	1	640	490	4	0	34	2.325828E-06	4.876252E-06	0.0873574	0.004542238	0.001592949	0	95.7311	131.8471	5.068837	6.449067	6.315954	0.1382707	4.098647E-11	5.151609E-09	6.346711E-09	0.0007939902	0.007278053	1.411385	0.00195836	8.480427E-05	0.005152587	0.002058195	0.02313231	0.4369069	0.001877118	0.2032025	0.004437995	0.1926522	4.252646E-07	0.002116048	0.005251773	0.02157679	0.0009187161	0.7604671						
CKbyEmotion	20191217	S102-surprise	0	MALE	FaceRecording-1	TestImage	AffRaw	20191217_194826810	280			4	1	640	490	5	0	34	3.553607E-06	1.385244E-05	0.1343782	0.006955401	0.002127616	0	96.88181	130.0591	5.246323	4.818791	4.918108	0.1328425	2.070868E-10	1.727589E-08	2.789059E-08	0.0009172471	0.003578945	7.447071	0.002748037	0.0001287136	0.02362457	0.002517248	0.01891192	0.4873084	0.002095019	0.2575028	0.003841139	0.1926454	7.104923E-07	0.002042616	0.005647149	0.0208134	0.0006303432	5.08963						
CKbyEmotion	20191217	S102-surprise	0	MALE	FaceRecording-1	TestImage	AffRaw	20191217_194826850	320			4	1	640	490	6	0	34	4.050837E-06	4.668946E-05	0.231476	0.005638754	0.00227487	0	97.40005	131.5333	4.527308	3.883329	3.646203	0.133706	2.268472E-10	3.794093E-08	7.792058E-08	0.001572952	0.003532265	15.0741	0.005838361	0.0002350787	0.1157115	0.003245098	0.01466698	0.5593438	0.002406698	0.4677783	0.00194488	0.1926455	9.494101E-07	0.001779762	0.005802882	0.01680287	0.0006607198	25.50853						
CKbyEmotion	20191217	S102-surprise	0	MALE	FaceRecording-1	TestImage	AffRaw	20191217_194826890	360			4	1	640	490	7	0	34	2.669292E-06	0.0005892404	1.465631	0.003263059	0.001829642	0	97.91108	133.667	3.923165	2.762954	3.91063	0.1404767	1.425706E-10	5.959583E-08	2.43831E-07	0.003622112	0.006949241	41.08574	0.01276737	0.0003911689	0.3622469	0.007719026	0.006163649	0.8944851	0.00386163	1.915116	0.0005362244	0.1926551	7.990474E-07	0.001826772	0.01412045	0.01310948	0.0008663909	64.19106						
CKbyEmotion	20191217	S102-surprise	0	MALE	FaceRecording-1	TestImage	AffRaw	20191217_194826930	400			4	1	640	490	8	0	34	3.115247E-06	0.006572091	11.36984	0.002154161	0.001635816	0	95.54074	132.2852	8.354834	6.677148	4.450606	0.1119712	1.413444E-09	9.952897E-08	7.263112E-07	0.00473496	0.005469099	71.24431	0.02565244	0.0006237699	0.5055845	0.02110623	0.002248612	1.537648	0.006680355	5.954958	0.000265844	0.1926626	7.798307E-07	0.001338923	0.0456624	0.01023406	0.00104115	85.3159						
CKbyEmotion	20191217	S102-surprise	0	MALE	FaceRecording-1	TestImage	AffRaw	20191217_194826970	440			4	1	640	490	9	0	34	3.760616E-06	0.1422471	25.94344	0.001857751	0.001626461	0	93.42142	131.5765	6.745224	8.733485	2.940889	0.1306091	1.871302E-09	1.103961E-07	1.900046E-06	0.005173986	0.004554726	85.173	0.04481611	0.0006624763	0.596175	0.03329685	0.001402271	1.972058	0.008567357	9.94785	0.0001932018	0.1926636	8.840264E-07	0.0009006958	0.2193675	0.009545423	0.001237598	95.28621						
CKbyEmotion	20191217	S102-surprise	0	MALE	FaceRecording-1	TestImage	AffRaw	20191217_194827010	480			4	1	640	490	10	0	34	3.33277E-06	1.93773	35.83169	0.001701486	0.001414317	0	94.34772	132.509	6.696674	7.925355	3.161785	0.1317103	7.103829E-10	1.794687E-07	8.269793E-06	0.005399497	0.003901976	89.90479	0.08221117	0.0005932201	0.861477	0.03531469	0.001125246	2.145473	0.008803891	12.36685	0.0001820152	0.1926652	8.113969E-07	0.0008503225	0.7465137	0.007808191	0.001438718	96.86272						
CKbyEmotion	20191217	S102-surprise	0	MALE	FaceRecording-1	TestImage	AffRaw	20191217_194827050	520			4	1	640	490	11	0	34	2.202041E-06	15.66339	63.77718	0.002003652	0.001514659	0	93.63367	132.4849	7.534805	8.558162	3.213695	0.1544499	4.300439E-10	1.69762E-07	1.91986E-05	0.00648857	0.01247713	92.25649	0.1355459	0.0006023952	1.569356	0.01793904	0.000688121	2.236953	0.005863782	23.80289	0.0001364264	0.1926639	8.686773E-07	0.0009080102	2.895124	0.007445265	0.00147689	98.24309						
CKbyEmotion	20191217	S102-surprise	0	MALE	FaceRecording-1	TestImage	AffRaw	20191217_194827090	560			4	1	640	490	12	0	34	1.92719E-06	82.32386	99.49966	0.001853039	0.001713344	0	94.47395	130.2227	8.760415	7.805748	3.419952	0.1918536	6.032415E-10	4.889454E-08	1.33723E-05	0.005788766	0.01254168	91.7728	0.1981746	0.0005595336	1.433167	0.0004507287	0.0001090273	2.217868	0.0006560415	90.21689	2.629501E-05	0.1926602	1.047583E-06	0.0006904756	8.729251	0.006995497	0.001768219	98.49583						
CKbyEmotion	20191217	S102-surprise	0	MALE	FaceRecording-1	TestImage	AffRaw	20191217_194827130	600			4	1	640	490	13	0	34	1.133172E-06	96.52233	99.86546	0.0008823986	0.001022917	0	97.12079	131.3256	2.485957	4.407813	2.466168	0.2263652	1.221132E-08	4.051318E-09	2.697014E-06	0.001521358	0.0009790072	96.01384	0.1131271	0.0002711201	5.304585	0.0002374463	2.955415E-05	2.391927	0.00044521	96.45025	0.0001808203	0.1926643	5.43424E-07	0.0002106314	33.07818	0.007275201	0.0009592132	99.51888						
CKbyEmotion	20191217	S102-surprise	0	MALE	FaceRecording-1	TestImage	AffRaw	20191217_194827170	640			4	1	640	490	14	0	34	1.554142E-06	98.99714	99.90409	0.000902702	0.0007943764	0	96.38194	134.87	-3.330473	5.588091	3.701475	0.1576561	2.677518E-09	2.514887E-09	1.404843E-06	0.002520765	0.003619136	98.28329	0.1250821	0.0002002013	5.216405	0.0002241456	1.081571E-05	2.490045	0.0004278523	97.52417	0.002475464	0.1926661	4.143159E-07	0.0004447101	58.97058	0.006109578	0.001090516	96.18639						
CKbyEmotion	20191217	S102-surprise	0	MALE	FaceRecording-1	TestImage	AffRaw	20191217_194827210	680			4	1	640	490	15	0	34	2.150805E-06	99.0604	99.90775	0.0009758882	0.0007706598	0	95.37577	127.2438	-4.580256	6.867431	5.647582	0.1212368	1.410493E-09	3.791139E-09	1.478513E-06	0.002533458	0.02494003	98.76427	0.1339323	0.0001418873	8.705446	0.0002273182	5.938664E-06	2.511357	0.0004307161	97.56905	0.01860305	0.1926652	4.258791E-07	0.0007441706	76.34426	0.005759165	0.001205025	87.71428						
CKbyEmotion	20191217	S102-surprise	0	MALE	FaceRecording-1	TestImage	AffRaw	20191217_194827250	720			4	1	640	490	16	0	34	1.831412E-06	99.62833	99.91702	0.001106291	0.0006153064	0	96.19559	130.0849	-4.578529	5.848897	4.442002	0.09495482	3.640214E-08	7.699331E-10	3.484261E-07	0.002650553	0.07715932	99.67949	0.1574671	9.991147E-05	11.40474	0.0002952685	3.317447E-06	2.552435	0.0004298674	96.81244	0.2051397	0.1926667	3.020978E-07	0.001540023	92.39346	0.005737075	0.001241223	63.21412						
CKbyEmotion	20191217	S102-surprise	0	MALE	FaceRecording-1	TestImage	AffRaw	20191217_194827290	760			4	1	640	490	17	0	34	2.50829E-06	99.63519	99.91737	0.001052891	0.0005436168	0	96.08837	127.5511	-6.357909	5.993434	7.606065	0.09182321	5.626072E-09	1.269822E-09	2.889303E-07	0.003094948	0.1727996	99.73411	0.1728202	7.598494E-05	15.19632	0.0003446934	2.831832E-06	2.554845	0.0004301926	95.34109	0.678655	0.1926672	2.657454E-07	0.002125215	97.02756	0.005036456	0.001239672	41.07281						
