#Study : ck_happy
#Date : 20201109 13:28:55
#Version : 7.2.17995.2
#TestRunDate : 20201109 13:22:15.005 (+02:00)

StudyName	ExportDate	Name	Age	Gender	StimulusName	SlideType	EventSource	Timestamp	MediaTime	PostMarker	Annotation	version	Number of faces	width	height	FrameIndex	faceid	#classifiers	Brow Furrow	Brow Raise	Engagement	Lip Corner Depressor	Smile	Valence	Attention	Interocular Distance	Pitch	Yaw	Roll	InnerBrowRaise	EyeClosure	NoseWrinkle	UpperLipRaise	LipSuck	LipPress	MouthOpen	ChinRaise	Smirk	LipPucker	Anger	Sadness	Disgust	Joy	Surprise	Fear	Contempt	Cheek Raise	Dimpler	Eye Widen	Lid Tighten	Lip Stretch	Jaw Drop	LiveMarker	KeyStroke	MarkerText	SceneType	SceneOutput	SceneParent
ck_happy	20201109	S097-happy	0	MALE	FaceRecording-1	TestImage	AffRaw	20201109_132215085	80			4	1	640	490	0	0	34	4.958185E-05	1.451806E-05	0.08363257	0.0003058146	0.4004104	0	97.7597	147.1462	-11.43424	-3.120459	2.965878	0.07762671	3.444517E-10	1.969522E-05	2.15083E-05	0.04141477	0.007548394	0.1529735	0.05713775	0.0002548221	0.006697443	0.001925017	0.02338121	0.4153987	0.001958373	0.1938412	0.004421229	0.1869893	0.009730693	0.003587392	6.67068E-05	0.003752725	0.002631083	0.03395092						
ck_happy	20201109	S097-happy	0	MALE	FaceRecording-1	TestImage	AffRaw	20201109_132215125	120			4	1	640	490	1	0	34	0.0001499114	8.34915E-06	0.0844045	0.0002826528	0.4647759	0	98.24336	145.3272	-8.559347	-1.879773	2.777845	0.06472394	5.239404E-10	3.558203E-05	2.717375E-05	0.03366061	0.004957015	0.2416458	0.04473681	0.000627158	0.004783805	0.001923538	0.02319658	0.4147089	0.001982289	0.194216	0.004401495	0.1860981	0.01225634	0.002352523	0.0001489898	0.004170848	0.002245515	0.03305483						
ck_happy	20201109	S097-happy	0	MALE	FaceRecording-1	TestImage	AffRaw	20201109_132215165	160			4	1	640	490	2	0	34	0.0001109731	4.775775E-06	0.1036301	0.0002377517	1.902572	0	98.62961	144.0698	-8.975165	-0.6186347	3.257223	0.05043057	1.202768E-09	2.546938E-05	1.385707E-05	0.02885476	0.002825762	0.379059	0.05020553	0.0007820934	0.002986967	0.001756915	0.02096285	0.3787208	0.002514374	0.1949227	0.003995004	0.1671088	0.04236631	0.001596581	0.0001728104	0.005590464	0.002112668	0.0574014						
ck_happy	20201109	S097-happy	0	MALE	FaceRecording-1	TestImage	AffRaw	20201109_132215205	200			4	1	640	490	3	0	34	7.721993E-05	2.91281E-06	0.2584131	0.0001114168	8.309549	2.894007	98.51701	144.2051	-10.22389	-1.019148	3.388793	0.04700081	9.403992E-10	1.885661E-05	5.224914E-06	0.03298211	0.004650535	0.7735491	0.0555963	0.001157115	0.003371156	0.001161751	0.01349343	0.2511826	0.007225138	0.1969011	0.002604831	0.1034201	0.161439	0.002734088	0.0004123832	0.009690588	0.002450583	0.07344637						
ck_happy	20201109	S097-happy	0	MALE	FaceRecording-1	TestImage	AffRaw	20201109_132215245	240			4	1	640	490	4	0	34	8.01366E-05	3.246043E-06	1.790143	9.283551E-05	21.96632	17.46644	98.57297	143.3344	-9.929773	-0.8240014	3.388356	0.04943358	1.14315E-09	2.237514E-05	4.079378E-06	0.04372381	0.007639616	2.185715	0.1047964	0.002738454	0.002998237	0.0004900373	0.005179392	0.1057113	0.06922527	0.2039244	0.001048646	0.03716518	0.459445	0.008002785	0.0006569907	0.01512183	0.006741085	0.06157782						
ck_happy	20201109	S097-happy	0	MALE	FaceRecording-1	TestImage	AffRaw	20201109_132215285	280			4	1	640	490	5	0	34	9.600227E-05	3.286161E-06	25.89773	0.0001156063	42.64096	39.61037	98.03351	144.4634	-9.142344	-2.454691	3.194191	0.04477286	3.180486E-09	3.919656E-05	4.726596E-06	0.03092734	0.01985157	4.969061	0.378921	0.003729342	0.002321438	0.0001355665	0.001189268	0.02887521	2.101789	0.2186604	0.0002641641	0.007886661	1.234252	0.02060074	0.0007570958	0.02139094	0.02264219	0.08297086						
ck_happy	20201109	S097-happy	0	MALE	FaceRecording-1	TestImage	AffRaw	20201109_132215325	320			4	1	640	490	6	0	34	9.619454E-05	3.213228E-06	95.15187	7.581865E-05	70.83817	70.6546	98.23799	144.3633	-9.536831	-1.895307	3.28212	0.04517408	1.032067E-08	5.27228E-05	3.392797E-06	0.007788374	0.02737496	13.47427	0.6443501	0.003170257	0.002181978	2.74862E-05	0.0001367372	0.005347583	71.6586	0.2707917	4.024403E-05	0.0009516025	4.193234	0.03601793	0.001019632	0.03226422	0.06350614	0.1685531						
ck_happy	20201109	S097-happy	0	MALE	FaceRecording-1	TestImage	AffRaw	20201109_132215365	360			4	1	640	490	7	0	34	7.59067E-05	1.996193E-06	99.6535	6.994067E-05	89.63091	93.49191	98.31947	143.5141	-9.076335	-1.654437	3.394658	0.04813977	6.170519E-08	4.829054E-05	1.007047E-06	0.003511569	0.09707984	31.1924	0.9851228	0.001633716	0.00264502	1.418127E-05	2.162189E-05	0.002175454	98.69382	0.4227926	1.146614E-05	0.0002324175	11.41427	0.06325299	0.001205126	0.04443408	0.2217429	0.3706482						
ck_happy	20201109	S097-happy	0	MALE	FaceRecording-1	TestImage	AffRaw	20201109_132215405	400			4	1	640	490	8	0	34	7.008449E-05	1.611422E-06	99.85648	6.250475E-05	95.8148	99.51291	97.8609	143.9956	-8.383207	-2.884183	3.494191	0.04189947	1.123108E-07	4.731282E-05	3.611584E-07	0.003050572	0.2998955	53.29615	1.187577	0.001396233	0.002387781	1.963753E-05	6.826905E-06	0.002199616	99.67915	0.7366851	7.582813E-06	0.0001461624	23.42678	0.06968291	0.001081076	0.05901027	0.5740536	0.6690287						
ck_happy	20201109	S097-happy	0	MALE	FaceRecording-1	TestImage	AffRaw	20201109_132215445	440			4	1	640	490	9	0	34	6.575696E-05	1.41608E-06	99.89324	5.374047E-05	97.88908	99.3427	98.11922	144.2803	-9.053318	-2.227505	3.446388	0.0427177	1.159581E-07	7.066887E-05	2.303659E-07	0.002339784	0.715412	67.84918	1.307525	0.0014273	0.002203466	2.780489E-05	3.635076E-06	0.002558076	99.82436	1.067841	6.60015E-06	0.0001251048	36.95886	0.07996297	0.0008994358	0.07876994	1.269549	1.205761						
ck_happy	20201109	S097-happy	0	MALE	FaceRecording-1	TestImage	AffRaw	20201109_132215485	480			4	1	640	490	10	0	34	6.806855E-05	1.159118E-06	99.90141	4.086641E-05	98.44685	99.40453	98.03585	145.1257	-8.437728	-2.448625	3.57722	0.0469777	8.151302E-08	0.0001717331	3.518796E-07	0.001577332	0.7985071	79.4147	1.026254	0.001436832	0.002121578	3.940141E-05	2.379403E-06	0.003082342	99.87003	1.438054	6.355309E-06	0.0001199793	49.21144	0.07950573	0.0006160838	0.08746593	2.05526	1.814814						
ck_happy	20201109	S097-happy	0	MALE	FaceRecording-1	TestImage	AffRaw	20201109_132215525	520			4	1	640	490	11	0	34	7.48984E-05	1.02498E-06	99.90729	4.047563E-05	98.87821	99.50586	98.05289	145.6401	-8.54317	-2.404187	3.721386	0.04757693	3.656197E-08	0.0004118408	5.838913E-07	0.001327988	0.5987951	86.26242	0.9063342	0.001524915	0.002159981	4.815235E-05	1.846353E-06	0.003483695	99.89304	1.728463	6.321675E-06	0.000116161	58.42936	0.09013326	0.0005354226	0.1093007	4.039156	2.599262						
ck_happy	20201109	S097-happy	0	MALE	FaceRecording-1	TestImage	AffRaw	20201109_132215565	560			4	1	640	490	12	0	34	8.032559E-05	1.010148E-06	99.91108	3.898864E-05	99.17028	99.58556	97.97375	146.1704	-9.443735	-2.60743	4.140145	0.04613641	3.349373E-08	0.0006683506	7.335913E-07	0.001220473	0.4595388	90.74883	0.7959366	0.001384793	0.001969205	5.487875E-05	1.562708E-06	0.003797589	99.90601	1.943676	6.321567E-06	0.0001136425	66.33145	0.08177091	0.0005179606	0.1217343	5.312318	2.969748						
ck_happy	20201109	S097-happy	0	MALE	FaceRecording-1	TestImage	AffRaw	20201109_132215605	600			4	1	640	490	13	0	34	8.544762E-05	9.296592E-07	99.91134	3.356114E-05	99.19025	99.5631	97.96035	144.9726	-8.127599	-2.6411	3.375388	0.04545975	3.080583E-08	0.001188501	1.47862E-06	0.0006296564	0.3942119	95.93155	0.9323379	0.002071744	0.001996267	6.535977E-05	1.314405E-06	0.004204713	99.91473	2.243436	6.662111E-06	0.0001134806	71.54134	0.1039083	0.0005847302	0.1882482	8.593491	3.816478						
ck_happy	20201109	S097-happy	0	MALE	FaceRecording-1	TestImage	AffRaw	20201109_132215645	640			4	1	640	490	14	0	34	9.180751E-05	1.001431E-06	99.91331	3.56172E-05	99.34718	99.56508	98.10503	146.3636	-8.742093	-2.26582	3.618685	0.04556609	2.560522E-08	0.003753036	6.296958E-06	0.0003719939	0.2974357	98.64513	1.018755	0.002223213	0.001816149	7.116875E-05	1.190169E-06	0.004472822	99.92088	2.408167	6.579335E-06	0.0001121547	76.34333	0.1449802	0.0004969309	0.2914551	8.825721	4.051651						
ck_happy	20201109	S097-happy	0	MALE	FaceRecording-1	TestImage	AffRaw	20201109_132215685	680			4	1	640	490	15	0	34	9.505045E-05	9.872209E-07	99.91472	3.854051E-05	99.46255	99.4601	97.87164	145.297	-7.872311	-2.858503	3.766467	0.04613527	3.947731E-08	0.007609181	1.633219E-05	0.0002318132	0.2419702	99.49555	1.397681	0.001963284	0.0019423	7.298525E-05	1.149155E-06	0.004656694	99.92356	2.500992	6.756396E-06	0.0001111852	79.84672	0.2445082	0.0004053577	0.3828752	11.36239	4.926766						
ck_happy	20201109	S097-happy	0	MALE	FaceRecording-1	TestImage	AffRaw	20201109_132215725	720			4	1	640	490	16	0	34	9.80774E-05	9.186285E-07	99.91481	3.650578E-05	99.47084	99.39883	97.83512	145.6812	-8.642863	-2.945419	2.680292	0.04641901	8.135862E-08	0.01336766	3.376722E-05	0.0001256586	0.1762081	99.72288	1.646377	0.002486761	0.001750663	7.39441E-05	1.141128E-06	0.004711071	99.92398	2.511492	6.61048E-06	0.0001111225	82.8413	0.2585129	0.0002624798	0.503642	10.41884	4.85727						
ck_happy	20201109	S097-happy	0	MALE	FaceRecording-1	TestImage	AffRaw	20201109_132215765	760			4	1	640	490	17	0	34	9.810228E-05	8.949589E-07	99.91589	3.880606E-05	99.55974	99.39526	97.96897	146.4223	-8.370517	-2.619441	3.773485	0.04511122	9.655754E-08	0.01450728	3.85117E-05	6.623327E-05	0.1839173	99.86191	1.649401	0.002212631	0.001705751	7.404212E-05	1.128903E-06	0.00486136	99.92526	2.560795	6.7714E-06	0.0001103808	85.26869	0.2405059	0.0001759752	0.5548862	12.71905	5.682149						
ck_happy	20201109	S097-happy	0	MALE	FaceRecording-1	TestImage	AffRaw	20201109_132215805	800			4	1	640	490	18	0	34	0.0001009852	9.031833E-07	99.91659	3.881043E-05	99.61833	99.61342	97.8279	146.5687	-8.985529	-2.962407	3.62036	0.04888668	5.055971E-08	0.01396997	3.853705E-05	4.236651E-05	0.1194248	99.93029	1.024576	0.002228989	0.001757681	7.42556E-05	1.12343E-06	0.005079268	99.92606	2.546973	6.49262E-06	0.000109897	87.10063	0.1637086	0.0001516695	0.6481391	10.70194	5.315234						
