#Study : CKbyEmotion
#Date : 20191217 20:50:00
#Version : 7.2.15327.0
#TestRunDate : 20191217 19:48:26.447 (+02:00)

StudyName	ExportDate	Name	Age	Gender	StimulusName	SlideType	EventSource	Timestamp	MediaTime	PostMarker	Annotation	version	Number of faces	width	height	FrameIndex	faceid	#classifiers	Brow Furrow	Brow Raise	Engagement	Lip Corner Depressor	Smile	Valence	Attention	Interocular Distance	Pitch	Yaw	Roll	InnerBrowRaise	EyeClosure	NoseWrinkle	UpperLipRaise	LipSuck	LipPress	MouthOpen	ChinRaise	Smirk	LipPucker	Anger	Sadness	Disgust	Joy	Surprise	Fear	Contempt	Cheek Raise	Dimpler	Eye Widen	Lid Tighten	Lip Stretch	Jaw Drop	LiveMarker	KeyStroke	MarkerText	SceneType	SceneOutput	SceneParent
CKbyEmotion	20191217	S101-surprise	0	MALE	FaceRecording-1	TestImage	AffRaw	20191217_194826527	80			4	1	640	490	0	0	34	3.546759E-07	4.441016E-09	0.07946153	0.00138719	4.803919E-05	0	98.41101	144.2104	-16.81573	-1.369714	-1.6873	6.993738	5.183271E-11	2.18712E-12	3.637628E-14	0.08399616	0.007288957	0.0009094636	0.08112651	0.005529257	0.01770106	0.001573624	0.03824107	0.4241626	0.001829131	0.22172	0.005094581	0.1927858	4.385382E-10	0.002334688	0.0008665703	0.001532827	0.0007669294	0.04015892						
CKbyEmotion	20191217	S101-surprise	0	MALE	FaceRecording-1	TestImage	AffRaw	20191217_194826567	120			4	1	640	490	1	0	34	1.462278E-06	1.417035E-08	0.0799754	0.001197643	0.0002497805	0	98.71349	141.5826	-18.63163	-0.298588	-1.736888	6.131265	2.809187E-11	7.101942E-11	1.394132E-12	0.1638074	0.007063482	0.004473723	0.1743092	0.005437461	0.01650979	0.001631043	0.03605206	0.4225365	0.001829309	0.2179552	0.005021991	0.192781	4.614993E-09	0.004638624	0.001054305	0.001400825	0.001003291	0.03992122						
CKbyEmotion	20191217	S101-surprise	0	MALE	FaceRecording-1	TestImage	AffRaw	20191217_194826607	160			4	1	640	490	2	0	34	5.319538E-06	1.709627E-07	0.0799512	0.001132862	0.0006246581	0	98.76296	139.5965	-18.62366	-0.1000023	-1.340174	5.499301	3.930999E-11	8.553895E-10	2.701672E-11	0.1367412	0.006917412	0.01637838	0.1700653	0.007143083	0.01353437	0.00166325	0.03456598	0.4231881	0.001829817	0.2152696	0.004970122	0.1928105	2.214261E-08	0.00426132	0.001310794	0.001579078	0.001215773	0.03561877						
CKbyEmotion	20191217	S101-surprise	0	MALE	FaceRecording-1	TestImage	AffRaw	20191217_194826647	200			4	1	640	490	3	0	34	2.806222E-06	9.803246E-08	0.08022563	0.0009120989	0.0007881856	0	98.57544	141.4725	-18.59615	0.815224	-1.197897	5.392931	3.470935E-11	1.052579E-09	3.812454E-11	0.1438203	0.007479357	0.01184292	0.2180766	0.00925594	0.01295327	0.001672436	0.03432143	0.4229924	0.001829715	0.214777	0.004962104	0.1928513	3.668436E-08	0.005702542	0.001866171	0.001506169	0.001536902	0.03257683						
CKbyEmotion	20191217	S101-surprise	0	MALE	FaceRecording-1	TestImage	AffRaw	20191217_194826687	240			4	1	640	490	4	0	34	2.62144E-06	8.528311E-08	0.08023443	0.0009578457	0.001114847	0	98.77248	140.8192	-18.33106	-0.06086475	-1.6177	5.166981	2.185345E-11	1.148671E-09	6.079817E-11	0.1616087	0.008275797	0.01471892	0.2196185	0.00818163	0.01192447	0.001686694	0.03379277	0.4226403	0.001829909	0.2138272	0.004943957	0.1928246	5.55006E-08	0.005847472	0.003026695	0.001507482	0.0015193	0.03229531						
CKbyEmotion	20191217	S101-surprise	0	MALE	FaceRecording-1	TestImage	AffRaw	20191217_194826727	280			4	1	640	490	5	0	34	2.30493E-06	9.500327E-08	0.08035585	0.001000342	0.001449286	0	98.64046	141.578	-19.02614	-0.5783102	-1.620841	4.838341	1.265978E-11	1.539779E-09	8.964777E-11	0.1942957	0.00893865	0.01719668	0.2408032	0.006804974	0.01225871	0.001709358	0.0330364	0.421975	0.001830091	0.212461	0.004917414	0.1927916	7.601341E-08	0.006519681	0.0052763	0.001263282	0.001493338	0.03553608						
CKbyEmotion	20191217	S101-surprise	0	MALE	FaceRecording-1	TestImage	AffRaw	20191217_194826767	320			4	1	640	490	6	0	34	3.472705E-06	1.349859E-07	0.08008518	0.000977963	0.001746176	0	98.67941	142.5584	-17.40073	-0.4310425	-0.874617	3.887138	1.601139E-12	3.917837E-09	2.896737E-10	0.122544	0.00840091	0.02706283	0.1935268	0.005551002	0.01508219	0.001756255	0.03101684	0.4235465	0.001830508	0.2085604	0.004847495	0.1927617	1.359453E-07	0.005432283	0.02153544	0.0010548	0.001579929	0.03782129						
CKbyEmotion	20191217	S101-surprise	0	MALE	FaceRecording-1	TestImage	AffRaw	20191217_194826807	360			4	1	640	490	7	0	34	1.908491E-05	1.470974E-06	0.08054936	0.001070916	0.002696729	0	98.61339	141.2076	-14.40601	-0.6782702	-0.1952016	1.924299	2.713642E-12	2.488342E-07	2.461922E-08	0.02708477	0.007217831	0.2744859	0.1243979	0.003456087	0.02208772	0.001864595	0.02698944	0.4274445	0.001839045	0.2021729	0.004702086	0.1927053	3.623507E-07	0.004649714	0.06871828	0.0008116624	0.001059287	0.1093658						
CKbyEmotion	20191217	S101-surprise	0	MALE	FaceRecording-1	TestImage	AffRaw	20191217_194826847	400			4	1	640	490	8	0	34	5.810653E-05	3.099601E-05	0.1032798	0.001454051	0.003428542	0	98.7148	142.2861	-12.49839	0.2934046	1.162049	0.8508189	3.44901E-12	2.381378E-06	4.58174E-07	0.01150408	0.004042279	3.757632	0.06946211	0.001835516	0.05715137	0.002158002	0.02214964	0.4556466	0.001959505	0.2208997	0.004606234	0.1926617	6.145527E-07	0.001355193	0.3770734	0.0006851697	0.0004289366	1.113451						
CKbyEmotion	20191217	S101-surprise	0	MALE	FaceRecording-1	TestImage	AffRaw	20191217_194826887	440			4	1	640	490	9	0	34	0.0002567778	0.0005348373	0.5310442	0.001635949	0.002945967	0	98.7701	144.9769	-10.86553	-0.07066566	0.858331	0.4657899	2.556474E-13	1.271825E-05	3.75033E-06	0.009199468	0.004453792	26.74088	0.0691442	0.00161094	0.2171241	0.004717729	0.009097513	0.6906016	0.002975614	0.4551505	0.004957487	0.1926649	7.203607E-07	0.0008237274	3.324385	0.0006445163	0.0002624683	7.558576						
CKbyEmotion	20191217	S101-surprise	0	MALE	FaceRecording-1	TestImage	AffRaw	20191217_194826927	480			4	1	640	490	10	0	34	0.0004250867	0.009863972	4.306371	0.001869853	0.003382695	0	98.3036	141.8416	-6.041908	1.702254	-0.2750051	0.3151042	3.982766E-14	8.344108E-05	5.224804E-05	0.005849641	0.002694346	56.57534	0.0753995	0.001320827	0.5566453	0.01282606	0.002334254	1.182585	0.005117311	1.802179	0.005844773	0.1926532	1.123443E-06	0.0005008512	13.99509	0.0006420777	0.0001752574	34.54541						
CKbyEmotion	20191217	S101-surprise	0	MALE	FaceRecording-1	TestImage	AffRaw	20191217_194826967	520			4	1	640	490	11	0	34	0.0005604719	0.2287885	23.34068	0.002027883	0.003844217	0	96.91225	142.6147	-5.097266	4.768179	-0.8664922	0.2350552	9.508238E-14	0.0002690115	0.0004080728	0.005282926	0.002001891	83.12278	0.09805551	0.00124891	1.581114	0.03079931	0.0003576578	1.903091	0.008233244	9.654468	0.02915651	0.1926456	1.398934E-06	0.0003916322	43.40021	0.0007112836	0.0001409362	74.28003						
CKbyEmotion	20191217	S101-surprise	0	MALE	FaceRecording-1	TestImage	AffRaw	20191217_194827007	560			4	1	640	490	12	0	34	0.0005448001	3.064327	42.74842	0.00204866	0.00374068	0	97.13893	141.7984	-6.211307	4.375271	-0.9800007	0.1688897	3.972799E-13	0.0003870493	0.001588812	0.00401702	0.001358793	92.84595	0.1101625	0.0009531927	3.584194	0.03653798	8.486419E-05	2.264362	0.008954382	23.26949	0.3342365	0.1926409	1.354247E-06	0.0002590303	74.57502	0.0007743285	0.0001069813	91.66917						
CKbyEmotion	20191217	S101-surprise	0	MALE	FaceRecording-1	TestImage	AffRaw	20191217_194827047	600			4	1	640	490	13	0	34	0.000546338	25.74768	85.49113	0.001891494	0.00286431	0	98.01479	143.4183	-7.043211	2.503007	-1.083884	0.1014304	1.643102E-13	0.0001866937	0.001962707	0.00179017	0.0009629123	99.08345	0.1371464	0.0007796437	8.582517	0.01342474	1.898402E-05	2.531153	0.004773529	60.45209	1.110045	0.1926501	1.11467E-06	0.0001776303	96.11669	0.0006948976	0.0001052546	97.33527						
CKbyEmotion	20191217	S101-surprise	0	MALE	FaceRecording-1	TestImage	AffRaw	20191217_194827087	640			4	1	640	490	14	0	34	0.0005148069	72.96772	99.45245	0.00182445	0.003007813	0	96.56025	139.8408	-8.083063	5.326167	-1.434417	0.05243684	1.317935E-13	1.287738E-05	0.0003572382	0.0008538297	0.0009858954	99.86001	0.128678	0.0006476658	15.29758	0.001422845	5.047015E-06	2.567506	0.001032398	94.6303	0.3108633	0.1926451	1.162259E-06	8.843958E-05	99.57119	0.0006732791	9.17179E-05	98.87949						
CKbyEmotion	20191217	S101-surprise	0	MALE	FaceRecording-1	TestImage	AffRaw	20191217_194827127	680			4	1	640	490	15	0	34	0.0006122602	94.48782	99.88279	0.001697532	0.003062792	0	96.88711	141.7544	-7.410279	4.810024	-1.675528	0.03158763	7.873231E-14	3.760265E-06	0.00017062	0.0005289396	0.0008476378	99.98094	0.1354431	0.0005840497	27.09726	0.0004917657	2.894192E-06	2.574689	0.0005116046	98.13778	0.1544118	0.1926434	1.237721E-06	6.131586E-05	99.95147	0.0005633614	0.0001034752	99.52882						
CKbyEmotion	20191217	S101-surprise	0	MALE	FaceRecording-1	TestImage	AffRaw	20191217_194827167	720			4	1	640	490	16	0	34	0.0005949066	98.43529	99.91166	0.001409298	0.003015666	0	96.15419	140.1208	-8.015423	5.905154	-1.235535	0.01507231	5.38257E-14	8.423268E-07	7.973181E-05	0.0002410089	0.0007011931	99.99733	0.1358789	0.0005173615	35.34255	0.0004044873	2.61414E-06	2.575544	0.0004497334	98.47204	0.1351918	0.1926427	1.340958E-06	3.08613E-05	99.99462	0.0005131296	0.0001068883	99.6964						
CKbyEmotion	20191217	S101-surprise	0	MALE	FaceRecording-1	TestImage	AffRaw	20191217_194827207	760			4	1	640	490	17	0	34	0.0008063374	99.4961	99.91812	0.00135502	0.002886367	0	97.79842	143.5678	-7.484328	3.031337	-0.7515517	0.008985062	6.123379E-14	5.002849E-07	5.294697E-05	0.0001487116	0.0009669162	99.99969	0.1556609	0.0005035004	42.81651	0.0003839904	2.544148E-06	2.575661	0.0004343911	98.55431	0.1298625	0.192645	1.363091E-06	1.979843E-05	99.99921	0.000440891	0.0001256276	99.855						
CKbyEmotion	20191217	S101-surprise	0	MALE	FaceRecording-1	TestImage	AffRaw	20191217_194827247	800			4	1	640	490	18	0	34	0.0008844314	99.82568	99.92003	0.001269196	0.002980533	0	96.85195	140.3344	-6.45763	4.867993	-1.674953	0.004804016	4.691038E-14	3.793234E-07	4.740627E-05	7.37704E-05	0.001013256	99.99996	0.1433966	0.0004824615	45.89889	0.0003776196	2.522486E-06	2.575181	0.0004297375	98.57819	0.1283401	0.1926435	1.444081E-06	9.090529E-06	99.99988	0.0004268233	0.0001220102	99.87948						
