#Study : ck_happy
#Date : 20201109 13:28:55
#Version : 7.2.17995.2
#TestRunDate : 20201109 13:22:14.414 (+02:00)

StudyName	ExportDate	Name	Age	Gender	StimulusName	SlideType	EventSource	Timestamp	MediaTime	PostMarker	Annotation	version	Number of faces	width	height	FrameIndex	faceid	#classifiers	Brow Furrow	Brow Raise	Engagement	Lip Corner Depressor	Smile	Valence	Attention	Interocular Distance	Pitch	Yaw	Roll	InnerBrowRaise	EyeClosure	NoseWrinkle	UpperLipRaise	LipSuck	LipPress	MouthOpen	ChinRaise	Smirk	LipPucker	Anger	Sadness	Disgust	Joy	Surprise	Fear	Contempt	Cheek Raise	Dimpler	Eye Widen	Lid Tighten	Lip Stretch	Jaw Drop	LiveMarker	KeyStroke	MarkerText	SceneType	SceneOutput	SceneParent
ck_happy	20201109	S091-happy	0	MALE	FaceRecording-1	TestImage	AffRaw	20201109_132214494	80			4	1	640	490	0	0	34	1.575488E-06	4.998597E-05	0.08081071	0.007518681	4.709404E-05	0	97.94212	158.0304	-0.3857408	-2.68647	-2.018091	0.169767	6.252818E-10	1.14328E-09	9.590438E-10	0.0001913015	0.005174006	0.3198454	0.01643311	1.556499E-06	0.02546755	0.001980303	0.02403427	0.4283639	0.001839764	0.1958304	0.004524983	0.1926728	3.06522E-09	0.001163869	0.01864832	0.001895242	0.0003142235	0.2351546						
ck_happy	20201109	S091-happy	0	MALE	FaceRecording-1	TestImage	AffRaw	20201109_132214534	120			4	1	640	490	1	0	34	8.336721E-06	0.0002515672	0.08120842	0.01004969	0.0002248716	0	98.51863	156.0409	4.292602	-1.013602	-1.753002	0.2381477	1.205568E-09	1.591223E-08	1.10229E-08	0.0002526098	0.005140902	0.3884287	0.02875427	4.677332E-06	0.01946195	0.001979129	0.02409347	0.4290169	0.001842101	0.1983534	0.00445485	0.1926703	2.476201E-08	0.002558612	0.01441655	0.001756339	0.001059287	0.7240252						
ck_happy	20201109	S091-happy	0	MALE	FaceRecording-1	TestImage	AffRaw	20201109_132214574	160			4	1	640	490	2	0	34	1.007615E-05	0.000547708	0.08198309	0.01156972	0.000665236	0	98.39399	154.381	4.032125	-1.42388	-1.836779	0.305441	3.432163E-09	3.911313E-08	4.287617E-08	0.0005554541	0.008851393	0.5211585	0.05207307	1.239764E-05	0.02116622	0.001982272	0.02409712	0.4301991	0.001846667	0.1987288	0.00447794	0.1926642	9.242151E-08	0.007867102	0.00975149	0.001985498	0.001737785	0.5871528						
ck_happy	20201109	S091-happy	0	MALE	FaceRecording-1	TestImage	AffRaw	20201109_132214614	200			4	1	640	490	3	0	34	7.400944E-06	0.0003227444	0.08131442	0.005722933	0.0008048877	0	98.48358	155.6065	4.188673	-1.132298	-1.651272	0.3000589	3.342613E-09	4.223125E-08	4.411309E-08	0.0005186769	0.009104265	0.4066367	0.03502798	1.886856E-05	0.01946915	0.001975169	0.02417841	0.4291852	0.001842881	0.1975327	0.004500102	0.1926623	1.395107E-07	0.01366282	0.007857819	0.002000956	0.003312057	0.4347238						
ck_happy	20201109	S091-happy	0	MALE	FaceRecording-1	TestImage	AffRaw	20201109_132214654	240			4	1	640	490	4	0	34	8.446181E-06	0.0003583563	0.08137357	0.003823137	0.001606682	0	98.44928	154.8816	3.63884	-1.245883	-1.581352	0.3412273	2.672818E-09	5.466881E-08	6.542438E-08	0.0004897822	0.01069988	0.4167902	0.01986852	5.211682E-05	0.015394	0.001972357	0.02423442	0.4293419	0.001843461	0.1969901	0.004531366	0.1926514	2.96266E-07	0.01473695	0.006760243	0.002154554	0.003221903	0.2435264						
ck_happy	20201109	S091-happy	0	MALE	FaceRecording-1	TestImage	AffRaw	20201109_132214694	280			4	1	640	490	5	0	34	2.006895E-05	0.000505856	0.08263009	0.002726301	0.005022628	0	98.46267	154.6505	4.806279	-1.201836	-2.076253	0.4036222	5.120877E-09	2.835089E-07	3.03745E-07	0.000482164	0.01319104	0.6313416	0.01097863	0.0001201093	0.009810979	0.001980908	0.02415525	0.4310544	0.001851691	0.1981642	0.004540259	0.1926036	1.251723E-06	0.02632895	0.006210721	0.002332952	0.006858409	0.2105859						
ck_happy	20201109	S091-happy	0	MALE	FaceRecording-1	TestImage	AffRaw	20201109_132214734	320			4	1	640	490	6	0	34	1.126303E-05	0.0002750762	0.0836645	0.001286055	0.009471084	0	98.47971	154.4626	3.750411	-1.145267	-1.859592	0.3824627	1.154661E-08	2.050527E-07	2.565857E-07	0.0004570165	0.02818212	0.8058907	0.007565646	0.0001895864	0.00523721	0.001993678	0.02396862	0.432209	0.001858943	0.1987646	0.004543811	0.1925408	2.564728E-06	0.0369769	0.004782442	0.002547389	0.009631122	0.1663797						
ck_happy	20201109	S091-happy	0	MALE	FaceRecording-1	TestImage	AffRaw	20201109_132214774	360			4	1	640	490	7	0	34	2.33555E-05	0.0003474409	0.109498	0.001266075	0.0260822	0	98.27615	154.0146	4.485574	-1.783911	-1.932909	0.4663022	4.262362E-09	2.998579E-06	3.961622E-06	0.0003810759	0.03855531	4.576721	0.005797461	0.0002594343	0.00386359	0.002250309	0.02122908	0.4622872	0.001996275	0.2194449	0.004521994	0.192303	9.22629E-06	0.06929467	0.005242327	0.002511702	0.01923681	0.3279943						
ck_happy	20201109	S091-happy	0	MALE	FaceRecording-1	TestImage	AffRaw	20201109_132214814	400			4	1	640	490	8	0	34	2.110558E-05	0.0002552117	0.3861643	0.001169066	0.1547088	0	98.54491	155.2272	3.609963	-0.9227788	-2.33349	0.4790086	1.366846E-09	6.902321E-06	6.510564E-06	0.0002721332	0.03781529	22.26064	0.004124775	0.0003613839	0.002132772	0.004020527	0.01168464	0.6311733	0.002811875	0.3429539	0.004444933	0.1904624	4.930379E-05	0.0666271	0.005661712	0.002493135	0.02312389	0.5970901						
ck_happy	20201109	S091-happy	0	MALE	FaceRecording-1	TestImage	AffRaw	20201109_132214854	440			4	1	640	490	9	0	34	1.714226E-05	0.0002079124	5.114879	0.001350674	0.7131193	0	98.21329	154.0789	3.384456	-1.966174	-2.060719	0.5970016	1.649926E-09	1.377985E-05	7.66218E-06	0.0003023089	0.05007755	59.1126	0.004859038	0.0007284299	0.001565958	0.01316527	0.00332141	1.183033	0.006020878	0.8709568	0.004196654	0.1826718	0.0002020427	0.0821571	0.005972465	0.002573034	0.0430803	1.279517						
ck_happy	20201109	S091-happy	0	MALE	FaceRecording-1	TestImage	AffRaw	20201109_132214894	480			4	1	640	490	10	0	34	1.197382E-05	0.0001703169	21.62857	0.001244185	2.213445	0	98.50002	152.8992	2.425704	-1.077009	-2.884715	0.6563602	3.028895E-10	2.369085E-05	9.232908E-06	0.000316736	0.05541613	81.97561	0.005863514	0.001113754	0.0009087319	0.02545878	0.001407929	1.61781	0.01166248	1.547752	0.003746381	0.1632694	0.0006268297	0.08599275	0.006944611	0.002440126	0.06346866	1.731874						
ck_happy	20201109	S091-happy	0	MALE	FaceRecording-1	TestImage	AffRaw	20201109_132214934	520			4	1	640	490	11	0	34	9.589122E-06	0.0002126049	33.97076	0.001298955	5.70985	0	98.22426	153.1657	2.906986	-1.934816	-2.325031	0.6147067	2.073215E-11	4.171075E-05	1.148462E-05	0.0003619818	0.08973034	90.69542	0.008151256	0.001740906	0.0008918715	0.02701331	0.0008310854	1.509685	0.024214	1.92473	0.00294697	0.1256643	0.001552118	0.1182757	0.008278765	0.002150364	0.1182884	1.963901						
ck_happy	20201109	S091-happy	0	MALE	FaceRecording-1	TestImage	AffRaw	20201109_132214974	560			4	1	640	490	12	0	34	6.931649E-06	0.0002122876	38.95343	0.001435547	15.75126	10.52444	98.2778	153.1682	2.265656	-1.779	-1.98946	0.6310363	1.942493E-11	1.358582E-05	1.936191E-06	0.0004303486	0.08097845	93.71	0.01036721	0.002324571	0.0006398527	0.01528413	0.0003852933	0.8323997	0.1321321	2.066963	0.001519091	0.0592186	0.004165251	0.1448155	0.009933718	0.001947857	0.173319	1.815808						
ck_happy	20201109	S091-happy	0	MALE	FaceRecording-1	TestImage	AffRaw	20201109_132215014	600			4	1	640	490	13	0	34	5.044715E-06	0.0002061133	44.07371	0.001362872	29.50778	24.99107	98.60428	153.8724	3.017999	-0.7114853	-2.163757	0.8343366	3.381051E-11	1.862843E-05	1.09427E-06	0.0006233596	0.2146307	96.66539	0.01380766	0.002801106	0.0007056522	0.006684797	0.0001411264	0.3586706	1.308652	2.217772	0.0006179109	0.02111384	0.009446928	0.4278475	0.01168579	0.001818946	0.333194	1.515595						
ck_happy	20201109	S091-happy	0	MALE	FaceRecording-1	TestImage	AffRaw	20201109_132215054	640			4	1	640	490	14	0	34	3.870507E-06	0.0002007731	45.35166	0.001561579	47.07213	43.46895	98.04332	152.4907	3.309727	-2.429206	-2.014488	1.017949	4.164097E-11	2.355583E-06	5.991461E-08	0.0008239364	0.4438963	97.38919	0.01637621	0.002851232	0.0005616678	0.002107275	4.307622E-05	0.1154237	19.22163	2.245493	0.0001959307	0.005656252	0.01842467	0.9166105	0.01241414	0.001716374	0.4982147	1.062149						
ck_happy	20201109	S091-happy	0	MALE	FaceRecording-1	TestImage	AffRaw	20201109_132215094	680			4	1	640	490	15	0	34	3.362961E-06	0.0001869866	80.79653	0.001897669	60.0579	56.9341	98.36726	153.9656	3.079419	-1.507733	-2.427948	1.125603	6.901251E-11	1.401375E-06	2.727981E-08	0.001070205	1.264631	97.7152	0.01832535	0.002899471	0.000718474	0.0008923181	1.781031E-05	0.04968406	66.71227	2.255827	8.428709E-05	0.00213586	0.03025601	2.335294	0.0157478	0.001612143	0.9247685	0.7802138						
ck_happy	20201109	S091-happy	0	MALE	FaceRecording-1	TestImage	AffRaw	20201109_132215134	720			4	1	640	490	16	0	34	2.417952E-06	0.0001460224	94.6748	0.002188516	70.14597	67.14653	98.24976	153.1703	4.83804	-1.861199	-2.29392	1.259763	7.018733E-11	4.272158E-07	5.799251E-09	0.00175783	2.639041	98.06532	0.02544983	0.002843833	0.0006377187	0.0004582298	8.859663E-06	0.025839	91.31201	2.269655	4.389689E-05	0.001002273	0.04925639	4.418961	0.01858368	0.001572336	1.282869	0.5197104						
ck_happy	20201109	S091-happy	0	MALE	FaceRecording-1	TestImage	AffRaw	20201109_132215174	760			4	1	640	490	17	0	34	1.93758E-06	0.0001317919	98.55573	0.00239994	79.5611	76.32795	98.47651	153.822	4.59603	-1.15593	-2.437046	1.218453	2.572963E-11	2.259322E-07	1.994611E-09	0.003052586	5.186938	98.41847	0.04530375	0.00257981	0.0007496482	0.0002479397	4.467162E-06	0.01404487	98.01485	2.28171	2.408584E-05	0.0004946584	0.07571606	9.254215	0.02076487	0.001488277	2.226518	0.3895696						
ck_happy	20201109	S091-happy	0	MALE	FaceRecording-1	TestImage	AffRaw	20201109_132215214	800			4	1	640	490	18	0	34	1.544049E-06	0.000121033	99.47575	0.002340185	86.71995	82.29366	98.42234	154.1984	4.647589	-1.333372	-1.995015	1.229872	1.073418E-11	7.034948E-08	3.432868E-10	0.0057802	10.26628	98.51893	0.09535795	0.002077946	0.0006636551	0.0001542841	2.53992E-06	0.008807519	99.37735	2.283084	1.529861E-05	0.0002891375	0.1152217	15.0555	0.02294271	0.001330539	3.002926	0.2823186						
ck_happy	20201109	S091-happy	0	MALE	FaceRecording-1	TestImage	AffRaw	20201109_132215254	840			4	1	640	490	19	0	34	1.235914E-06	0.0001041628	99.74001	0.002311462	91.6477	85.58723	98.33474	154.6586	4.873125	-1.608026	-2.265177	1.443376	1.025932E-11	2.839276E-08	9.929351E-11	0.01049406	16.08052	98.67893	0.2017234	0.001730008	0.0007492379	0.0001106874	1.674103E-06	0.006398674	99.72185	2.299404	1.164874E-05	0.0001997936	0.1727293	24.20907	0.03062676	0.001189217	4.997537	0.2295133						
ck_happy	20201109	S091-happy	0	MALE	FaceRecording-1	TestImage	AffRaw	20201109_132215294	880			4	1	640	490	20	0	34	9.347764E-07	8.604316E-05	99.80805	0.002463038	93.77626	85.90563	98.47103	154.6188	5.692465	-1.174182	-1.794867	1.392924	5.02188E-12	1.073714E-08	3.048402E-11	0.02317154	22.12961	96.78625	0.3784449	0.001562317	0.0007665353	9.036099E-05	1.393706E-06	0.005374412	99.79663	2.191526	1.035829E-05	0.0001703108	0.2440728	32.44312	0.03394416	0.001037936	5.940227	0.1864242						
