#Study : ck_happy
#Date : 20201109 13:28:55
#Version : 7.2.17995.2
#TestRunDate : 20201109 13:22:13.885 (+02:00)

StudyName	ExportDate	Name	Age	Gender	StimulusName	SlideType	EventSource	Timestamp	MediaTime	PostMarker	Annotation	version	Number of faces	width	height	FrameIndex	faceid	#classifiers	Brow Furrow	Brow Raise	Engagement	Lip Corner Depressor	Smile	Valence	Attention	Interocular Distance	Pitch	Yaw	Roll	InnerBrowRaise	EyeClosure	NoseWrinkle	UpperLipRaise	LipSuck	LipPress	MouthOpen	ChinRaise	Smirk	LipPucker	Anger	Sadness	Disgust	Joy	Surprise	Fear	Contempt	Cheek Raise	Dimpler	Eye Widen	Lid Tighten	Lip Stretch	Jaw Drop	LiveMarker	KeyStroke	MarkerText	SceneType	SceneOutput	SceneParent
ck_happy	20201109	S083-happy	0	MALE	FaceRecording-1	TestImage	AffRaw	20201109_132213965	80			4	1	640	490	0	0	34	0.02719412	3.117726E-05	0.08968658	0.000205373	0.8900508	0	98.58181	152.926	-17.45009	0.7924871	5.131256	0.03229075	1.34472E-05	0.01670869	0.03106555	0.000301182	0.01272135	1.195549	0.001418043	0.03654652	0.01832056	0.03230174	0.001259146	0.4119031	0.0021585	0.4705026	18.04082	0.1810463	0.1779052	0.0009506773	85.61812	0.01707586	0.0003993237	0.5253255						
ck_happy	20201109	S083-happy	0	MALE	FaceRecording-1	TestImage	AffRaw	20201109_132214005	120			4	1	640	490	1	0	34	0.0125673	2.156143E-05	0.1054055	0.0001669501	2.021607	0	95.91042	152.5576	-17.49667	6.225145	6.393929	0.01979204	9.663387E-05	0.005343713	0.006215995	0.0006621574	0.0142054	0.7992206	0.002195866	0.01941	0.03747424	0.02861521	0.001235247	0.3790874	0.002581383	0.4593231	15.15524	0.1659923	0.2848743	0.003534937	84.26738	0.02079142	0.00151621	0.4567519						
ck_happy	20201109	S083-happy	0	MALE	FaceRecording-1	TestImage	AffRaw	20201109_132214045	160			4	1	640	490	2	0	34	0.01144751	1.431138E-05	0.1038915	0.0001307446	1.920225	0	79.65922	155.2417	-10.74686	15.17435	9.308344	0.01739285	0.0001076594	0.005293981	0.006566991	0.0004541057	0.01460225	1.543732	0.0009739394	0.03079966	0.07582396	0.02894138	0.001207222	0.3867776	0.002573702	0.4685152	15.42508	0.1674559	0.2728124	0.003528225	84.40667	0.02639727	0.002565074	0.4508688						
ck_happy	20201109	S083-happy	0	MALE	FaceRecording-1	TestImage	AffRaw	20201109_132214085	200			4	1	640	490	3	0	34	0.01437677	1.362905E-05	0.1503742	8.112052E-05	4.511942	0	82.07037	152.8186	-13.63683	14.39439	8.539878	0.01656424	2.527585E-05	0.008917272	0.008450637	0.0004584781	0.03588235	6.517933	0.001391691	0.05881628	0.06577352	0.02252249	0.0009304121	0.3575706	0.004304565	0.5185215	10.80086	0.1383331	0.7128125	0.01351432	82.05686	0.02524367	0.008958079	0.5134257						
ck_happy	20201109	S083-happy	0	MALE	FaceRecording-1	TestImage	AffRaw	20201109_132214125	240			4	1	640	490	4	0	34	0.009993776	7.686508E-06	0.3685035	6.967643E-05	10.80152	6.125248	86.22074	156.0753	-10.01805	12.83127	8.235658	0.01835879	4.687479E-06	0.006447332	0.004320303	0.0004962583	0.08527134	11.21416	0.001905476	0.1192377	0.07589737	0.01357076	0.0005700521	0.2581632	0.01312428	0.5704098	5.746895	0.08690353	1.552398	0.1031722	79.44759	0.02123916	0.06530982	0.727595						
ck_happy	20201109	S083-happy	0	MALE	FaceRecording-1	TestImage	AffRaw	20201109_132214165	280			4	1	640	490	5	0	34	0.008111973	3.68069E-06	4.355437	0.0001041838	28.3755	25.67535	91.01448	155.1534	-12.21943	10.42298	8.025527	0.01944264	3.039108E-07	0.003780371	0.001235788	0.0005146194	0.1346564	21.36859	0.005085321	0.3081574	0.0260084	0.005354093	9.881156E-05	0.09841439	0.279301	0.7907321	3.771835	0.02374613	3.787383	0.3651666	86.694	0.01915891	0.4295346	0.8457543						
ck_happy	20201109	S083-happy	0	MALE	FaceRecording-1	TestImage	AffRaw	20201109_132214205	320			4	1	640	490	6	0	34	0.005270859	2.147358E-06	45.52219	0.0001238959	48.74284	48.69802	91.81956	156.0696	-10.78795	9.909595	6.610103	0.01749426	1.423426E-07	0.002010019	0.0003724124	0.0005723711	0.1956033	24.92332	0.008887474	0.3798078	0.006111559	0.001434649	2.16425E-05	0.02769222	7.725918	0.8785842	1.133334	0.005194567	7.244297	0.2596642	87.92052	0.01821633	0.9951037	1.094441						
ck_happy	20201109	S083-happy	0	MALE	FaceRecording-1	TestImage	AffRaw	20201109_132214245	360			4	1	640	490	7	0	34	0.003132086	2.193673E-06	95.55437	0.0001755294	71.4744	75.37421	94.21206	155.5951	-8.601976	8.051145	6.368712	0.01899681	1.020976E-07	0.0006133005	4.351455E-05	0.0008496482	0.3538005	33.85506	0.0194081	0.3889425	0.002615737	0.0003244197	3.421723E-06	0.007357689	80.2511	1.113384	0.2854249	0.0009452738	13.49538	0.221411	88.78009	0.02020285	3.15513	1.452993						
ck_happy	20201109	S083-happy	0	MALE	FaceRecording-1	TestImage	AffRaw	20201109_132214285	400			4	1	640	490	8	0	34	0.002940533	2.138019E-06	98.78336	0.0001808084	80.77785	87.53941	93.86407	155.2167	-8.833832	8.361563	6.611984	0.01521144	1.912118E-07	0.000448313	1.495226E-05	0.001169381	0.4651802	37.12742	0.03044879	0.371911	0.001223706	0.0001819502	1.57977E-06	0.004247359	95.18439	1.220733	0.1798509	0.0004696125	19.03549	0.08986948	90.02296	0.02135786	4.409893	1.401022						
ck_happy	20201109	S083-happy	0	MALE	FaceRecording-1	TestImage	AffRaw	20201109_132214325	440			4	1	640	490	9	0	34	0.00231508	2.054251E-06	99.58121	0.0001865975	88.29959	98.7383	93.18023	155.2623	-8.678124	8.92645	5.992482	0.01537643	6.888666E-07	0.0002084198	2.591532E-06	0.001648548	0.4650241	41.23428	0.05128331	0.3142475	0.0009882319	0.0001083587	8.490725E-07	0.00279716	98.64737	1.341931	0.118575	0.000265507	26.67572	0.07068574	89.49805	0.02240999	9.77529	1.322143						
ck_happy	20201109	S083-happy	0	MALE	FaceRecording-1	TestImage	AffRaw	20201109_132214365	480			4	1	640	490	10	0	34	0.001548912	1.948888E-06	99.7875	0.000152803	93.06305	99.86626	92.98891	155.1667	-8.98522	9.075072	5.774729	0.01419089	4.083969E-07	5.16452E-05	2.614623E-07	0.002655398	0.3177917	44.21264	0.08421795	0.2760729	0.0005310554	7.665197E-05	5.77862E-07	0.002161755	99.40781	1.428611	0.08718873	0.0001849919	37.1636	0.04281183	88.60606	0.02454598	13.59689	1.217689						
ck_happy	20201109	S083-happy	0	MALE	FaceRecording-1	TestImage	AffRaw	20201109_132214405	520			4	1	640	490	11	0	34	0.001067844	1.884551E-06	99.84994	0.0001358015	95.50287	99.85454	92.76131	157.6246	-9.970969	9.247047	5.177219	0.01355121	0.0006780112	1.474223E-05	3.523052E-08	0.003850422	0.3072829	47.22133	0.131619	0.257796	0.0005933326	5.523843E-05	5.248163E-07	0.001946505	99.62309	1.468515	0.06055033	0.0001537572	43.91469	0.03749472	83.6086	0.0313288	25.679	1.352439						
ck_happy	20201109	S083-happy	0	MALE	FaceRecording-1	TestImage	AffRaw	20201109_132214445	560			4	1	640	490	12	0	34	0.0009528893	2.309141E-06	99.85944	0.0001420726	95.96085	99.84073	92.25945	158.378	-11.73527	9.609334	6.219443	0.01221445	91.9968	7.326226E-06	1.816894E-08	0.004909898	0.3112069	46.07708	0.1715562	0.3079937	0.0003896288	4.603435E-05	6.162394E-07	0.001851004	99.64289	1.368752	0.03545825	0.0001493597	45.00933	0.02223856	79.01385	0.04274536	24.07953	1.512924						
ck_happy	20201109	S083-happy	0	MALE	FaceRecording-1	TestImage	AffRaw	20201109_132214485	600			4	1	640	490	13	0	34	0.0009391045	3.203798E-06	99.86261	0.0001708394	96.12096	99.74869	92.44999	154.6718	-8.711361	9.474403	5.846374	0.00925837	99.97762	8.379206E-06	1.910495E-08	0.008630463	0.3901136	51.45627	0.3814302	0.5138472	0.0003038025	3.90826E-05	5.972866E-07	0.002022107	99.6844	1.501193	0.02799261	0.0001508401	48.18441	0.02970922	74.20438	0.07096501	34.77857	1.881788						
ck_happy	20201109	S083-happy	0	MALE	FaceRecording-1	TestImage	AffRaw	20201109_132214525	640			4	1	640	490	14	0	34	0.0007989463	4.484459E-06	99.87558	0.0001906922	96.81598	99.66309	93.81046	154.6349	-7.547413	8.407922	5.793041	0.00790253	99.79114	8.190239E-06	2.227243E-08	0.01361389	0.3786641	66.17555	0.6587041	0.5946524	0.000202667	3.176027E-05	4.140883E-07	0.002530411	99.78426	2.049667	0.01463014	0.000144413	51.47956	0.02272353	69.08481	0.1226258	31.16732	1.893477						
ck_happy	20201109	S083-happy	0	MALE	FaceRecording-1	TestImage	AffRaw	20201109_132214565	680			4	1	640	490	15	0	34	0.0006649012	5.62653E-06	99.88701	0.0001916267	97.49146	99.26089	95.77458	155.0031	-5.068584	6.395612	4.342918	0.007276387	73.73034	5.064276E-06	1.245162E-08	0.02537259	0.4956318	75.53538	1.796353	0.5957474	0.0002259691	3.716148E-05	3.47273E-07	0.002879274	99.83698	2.447873	0.01052836	0.0001372947	55.66953	0.0273687	63.58709	0.1951755	41.97149	2.023573						
ck_happy	20201109	S083-happy	0	MALE	FaceRecording-1	TestImage	AffRaw	20201109_132214605	720			4	1	640	490	16	0	34	0.000598131	6.784471E-06	99.89113	0.000176645	97.75134	98.89913	94.90324	154.3807	-8.673499	7.37873	4.751325	0.006564969	0.5907422	5.564088E-06	1.387074E-08	0.03844744	0.4442087	74.13795	2.973836	0.647196	0.0001677433	3.505023E-05	4.227761E-07	0.002764435	99.83974	2.252839	0.005510751	0.0001353825	60.49597	0.0168743	58.58046	0.3029913	36.7938	2.022901						
ck_happy	20201109	S083-happy	0	MALE	FaceRecording-1	TestImage	AffRaw	20201109_132214645	760			4	1	640	490	17	0	34	0.0005865566	7.943947E-06	99.89656	0.0001663278	98.11071	98.03345	94.18377	154.1307	-7.993597	8.077025	5.138418	0.005744925	0.02750671	9.697197E-06	2.683506E-08	0.05999403	0.5575847	77.6662	5.563775	0.6195658	0.0002077604	3.884116E-05	4.616811E-07	0.00288787	99.85826	2.291525	0.003414369	0.0001313961	64.09657	0.00823728	51.62333	0.4833051	46.35216	1.963027						
ck_happy	20201109	S083-happy	0	MALE	FaceRecording-1	TestImage	AffRaw	20201109_132214685	800			4	1	640	490	18	0	34	0.0005690744	9.084324E-06	99.90087	0.0001553476	98.4081	97.79991	93.14922	154.505	-10.6888	8.950801	5.348736	0.004490028	0.01049679	2.245663E-05	6.728035E-08	0.09675445	0.5815688	78.98376	6.239177	0.5570847	0.0001862748	4.028455E-05	6.134928E-07	0.002905844	99.86817	2.129757	0.001064889	0.0001276475	67.42835	0.004379802	41.14923	0.7301914	42.23415	1.81115						
