#Study : CKbyEmotion
#Date : 20191217 20:50:00
#Version : 7.2.15327.0
#TestRunDate : 20191217 19:48:25.565 (+02:00)

StudyName	ExportDate	Name	Age	Gender	StimulusName	SlideType	EventSource	Timestamp	MediaTime	PostMarker	Annotation	version	Number of faces	width	height	FrameIndex	faceid	#classifiers	Brow Furrow	Brow Raise	Engagement	Lip Corner Depressor	Smile	Valence	Attention	Interocular Distance	Pitch	Yaw	Roll	InnerBrowRaise	EyeClosure	NoseWrinkle	UpperLipRaise	LipSuck	LipPress	MouthOpen	ChinRaise	Smirk	LipPucker	Anger	Sadness	Disgust	Joy	Surprise	Fear	Contempt	Cheek Raise	Dimpler	Eye Widen	Lid Tighten	Lip Stretch	Jaw Drop	LiveMarker	KeyStroke	MarkerText	SceneType	SceneOutput	SceneParent
CKbyEmotion	20191217	S088-surprise	0	MALE	FaceRecording-1	TestImage	AffRaw	20191217_194825645	80			4	1	640	490	0	0	34	12.05071	6.443148E-07	0.248034	0.0006508456	0.002554093	0	98.39886	152.8883	-8.663611	-1.408441	-4.205703	0.4276493	1.90576E-08	0.002250828	0.0002065096	0.01223181	0.01163083	3.993024	0.00234762	0.02495705	0.00917115	0.006056465	0.05325437	0.4577354	0.000894107	0.1047641	0.006843886	0.2419941	3.646448E-05	0.00389251	0.0792191	0.04514795	0.004581796	0.1852479						
CKbyEmotion	20191217	S088-surprise	0	MALE	FaceRecording-1	TestImage	AffRaw	20191217_194825685	120			4	1	640	490	1	0	34	27.75175	2.325841E-06	1.773083	0.00112282	0.00105541	0	98.51176	152.2315	-11.79455	-1.037123	-4.224629	0.5545635	2.867976E-08	0.00171124	0.0001702085	0.01064091	0.01439585	16.0444	0.001423534	0.01696228	0.01418316	0.03330936	0.1167149	0.569461	0.0003982171	0.05533804	0.0115498	0.3243248	1.225151E-05	0.004563756	0.05307966	0.04593689	0.004278197	0.1730809						
CKbyEmotion	20191217	S088-surprise	0	MALE	FaceRecording-1	TestImage	AffRaw	20191217_194825725	160			4	1	640	490	2	0	34	41.36851	2.656685E-06	7.680685	0.001268236	0.0007156894	0	98.37631	152.8402	-12.62141	-1.47949	-4.233342	0.5971826	6.532388E-08	0.001850341	0.0001888176	0.01213643	0.01209107	23.81986	0.001650124	0.01510504	0.01515053	0.133895	0.2505821	0.6553841	0.0001881118	0.029747	0.01814508	0.418194	8.136335E-06	0.005734946	0.03995164	0.04723603	0.004401793	0.2185301						
CKbyEmotion	20191217	S088-surprise	0	MALE	FaceRecording-1	TestImage	AffRaw	20191217_194825765	200			4	1	640	490	3	0	34	37.18059	1.160817E-06	5.304641	0.00100971	0.0005344013	0	98.38953	152.2526	-12.15371	-1.43796	-4.344589	0.4423369	6.293553E-08	0.00105262	9.586284E-05	0.01192367	0.01163359	22.47025	0.001738226	0.01540166	0.0141027	0.09090152	0.1896357	0.6393986	0.0002414315	0.03689402	0.01570929	0.3867517	4.827723E-06	0.005165443	0.03635363	0.04338862	0.004491831	0.2680909						
CKbyEmotion	20191217	S088-surprise	0	MALE	FaceRecording-1	TestImage	AffRaw	20191217_194825805	240			4	1	640	490	4	0	34	14.79367	3.042914E-06	0.7875656	0.001096781	0.0005428293	0	98.72327	152.9183	-10.21662	-0.259894	-3.376646	0.3924661	1.780978E-07	0.000264875	2.593145E-05	0.01019917	0.0133278	17.50132	0.001541547	0.01095547	0.02055369	0.01195151	0.04168209	0.5844092	0.0009548569	0.1245744	0.007441148	0.2543937	3.000776E-06	0.004650983	0.03045573	0.03181014	0.004625148	0.2578865						
CKbyEmotion	20191217	S088-surprise	0	MALE	FaceRecording-1	TestImage	AffRaw	20191217_194825845	280			4	1	640	490	5	0	34	2.365482	3.007811E-05	0.196611	0.0008384644	0.000722934	0	98.56894	152.39	-10.49983	-0.8382862	-4.466957	0.2264068	0.0006070804	6.437211E-05	8.465987E-06	0.007521399	0.01651686	10.41829	0.0012104	0.00572963	0.03053105	0.003371384	0.0204987	0.5142247	0.001893685	0.2192456	0.004944485	0.2015053	2.812851E-06	0.004779432	0.1147911	0.01695507	0.004684259	0.2627807						
CKbyEmotion	20191217	S088-surprise	0	MALE	FaceRecording-1	TestImage	AffRaw	20191217_194825885	320			4	1	640	490	6	0	34	0.459948	0.0007320041	0.2022299	0.0007199371	0.001351459	0	98.5109	153.2146	-8.351388	-1.040009	-3.965826	0.163412	99.20654	3.139762E-05	8.239407E-06	0.005023136	0.01826628	12.71911	0.0006951668	0.005430681	0.03349425	0.003112948	0.01617068	0.5365034	0.002237055	0.2606884	0.004833002	0.1944313	4.494263E-06	0.004779063	0.5151582	0.01298363	0.004042541	0.2086579						
CKbyEmotion	20191217	S088-surprise	0	MALE	FaceRecording-1	TestImage	AffRaw	20191217_194825925	360			4	1	640	490	7	0	34	0.1915726	0.02391076	0.9603029	0.0007109309	0.001218761	0	98.56825	154.1695	-5.317073	-0.8407152	-4.614453	0.1874387	99.99903	6.72636E-06	4.717679E-06	0.005846139	0.01354939	34.90404	0.0006351392	0.004524824	0.04312272	0.00636173	0.007364603	0.8014878	0.003405176	0.4652283	0.005204857	0.1934406	3.299123E-06	0.004601466	1.357352	0.0109184	0.004006533	0.2320724						
CKbyEmotion	20191217	S088-surprise	0	MALE	FaceRecording-1	TestImage	AffRaw	20191217_194825965	400			4	1	640	490	8	0	34	0.08086487	3.949916	11.51971	0.001166543	0.0007288709	0	98.67284	151.4989	-5.403484	0.4561626	-3.148656	0.1863372	52.83126	3.889696E-07	1.332918E-06	0.006373098	0.02906953	67.508	0.0006046168	0.003689041	0.09722859	0.01506065	0.002089647	1.441709	0.005456211	1.308806	0.005503125	0.1930302	1.480745E-06	0.006178986	3.34319	0.01392401	0.003438391	0.480842						
CKbyEmotion	20191217	S088-surprise	0	MALE	FaceRecording-1	TestImage	AffRaw	20191217_194826005	440			4	1	640	490	9	0	34	0.02226393	61.75961	96.24612	0.00186587	0.0004534531	0	98.543	153.4249	-2.804055	-0.9294369	-3.784462	0.2289812	0.00149577	1.11336E-08	1.577213E-07	0.007519319	0.06771391	83.65805	0.0007543541	0.002695429	0.248256	0.001066486	0.0002336099	1.923715	0.001107685	27.96175	0.001441954	0.1928023	5.954041E-07	0.007173928	9.503936	0.01360078	0.002423454	1.296267						
CKbyEmotion	20191217	S088-surprise	0	MALE	FaceRecording-1	TestImage	AffRaw	20191217_194826045	480			4	1	640	490	10	0	34	0.006601373	97.63005	99.80123	0.003014239	0.00035874	0	97.5475	152.4828	-3.018153	-3.583835	-4.084874	0.2552952	3.965175E-05	4.483337E-10	3.213844E-08	0.007977381	0.1412324	89.43294	0.0009375349	0.00256541	0.6838439	0.0001793388	5.0579E-05	2.131925	0.0003807341	76.22362	0.001528713	0.1927446	3.447565E-07	0.008995255	22.71122	0.01193515	0.001820977	3.29151						
CKbyEmotion	20191217	S088-surprise	0	MALE	FaceRecording-1	TestImage	AffRaw	20191217_194826085	520			4	1	640	490	11	0	34	0.004498737	99.78395	99.87444	0.004608075	0.0003388909	0	98.76234	153.383	-1.633037	-0.1025741	-5.210824	0.3160266	8.46862E-06	1.111237E-10	2.272649E-08	0.008724354	0.262341	93.7209	0.001296848	0.002094941	1.512093	0.0001832822	2.162715E-05	2.30114	0.0003836408	84.38643	0.008455877	0.1927276	2.690826E-07	0.01043247	42.35247	0.01167808	0.001516606	8.77354						
CKbyEmotion	20191217	S088-surprise	0	MALE	FaceRecording-1	TestImage	AffRaw	20191217_194826125	560			4	1	640	490	12	0	34	0.00216768	99.98077	99.89415	0.007358566	0.000263749	0	97.74387	152.5698	-2.761368	-3.156486	-4.404523	0.4221818	8.963359E-07	1.283953E-11	8.749353E-09	0.01128611	0.6785606	95.91608	0.001514926	0.001741407	1.870529	0.0001941711	9.353511E-06	2.391699	0.0003967546	89.41814	0.06384916	0.1927131	1.55509E-07	0.01208802	65.15549	0.01123267	0.00129865	16.36864						
CKbyEmotion	20191217	S088-surprise	0	MALE	FaceRecording-1	TestImage	AffRaw	20191217_194826165	600			4	1	640	490	13	0	34	0.00114077	99.99731	99.91003	0.009871659	0.000213712	0	98.54292	153.1238	-0.7145909	-0.9297162	-4.931264	0.453735	3.774447E-07	2.265897E-12	2.404909E-09	0.01174248	2.344101	98.17769	0.001456874	0.001420792	2.50012	0.0002275481	4.270946E-06	2.488869	0.0004132099	93.72411	0.295986	0.1927035	1.058824E-07	0.01443093	85.62873	0.008745194	0.001224885	31.70191						
CKbyEmotion	20191217	S088-surprise	0	MALE	FaceRecording-1	TestImage	AffRaw	20191217_194826205	640			4	1	640	490	14	0	34	0.0008233472	99.99962	99.91618	0.01510268	0.0001776708	0	98.40788	151.6822	-0.8280224	-1.379742	-4.355803	0.5459355	4.319064E-07	4.569926E-13	7.78844E-10	0.01579528	3.386503	99.16822	0.001583476	0.001135743	2.642739	0.0003229562	2.8703E-06	2.532256	0.0004206936	95.78485	0.5286532	0.192697	7.362654E-08	0.01454728	96.22355	0.007403196	0.0009836003	46.05642						
CKbyEmotion	20191217	S088-surprise	0	MALE	FaceRecording-1	TestImage	AffRaw	20191217_194826245	680			4	1	640	490	15	0	34	0.0006359083	99.99989	99.9192	0.02130084	0.0001460191	0	97.73441	152.0268	-2.176512	-3.177918	-4.81837	0.7280691	3.248977E-07	4.374649E-13	4.49855E-10	0.01870447	4.077908	99.68111	0.001566372	0.0009949842	2.83845	0.0003530587	2.567557E-06	2.554221	0.0004246341	97.01449	0.4192532	0.192694	4.994389E-08	0.01412261	99.07571	0.005957777	0.001029995	61.68924						
CKbyEmotion	20191217	S088-surprise	0	MALE	FaceRecording-1	TestImage	AffRaw	20191217_194826285	720			4	1	640	490	16	0	34	0.0004222882	99.99998	99.92012	0.02649384	0.0001248887	0	98.54548	152.0614	-1.355019	-0.9208125	-3.792522	0.8921623	5.173799E-07	6.468815E-13	6.480681E-10	0.02147311	4.286965	99.84229	0.001613661	0.000870903	2.873902	0.0003589642	2.517252E-06	2.560948	0.0004258836	97.55836	0.3258884	0.192691	3.785194E-08	0.01667819	99.73383	0.005529628	0.0009569911	71.32842						
