#Study : CKbyEmotion
#Date : 20191217 16:25:44
#Version : 7.2.15327.0
#TestRunDate : 20191217 16:17:20.681 (+02:00)

StudyName	ExportDate	Name	Age	Gender	StimulusName	SlideType	EventSource	Timestamp	MediaTime	PostMarker	Annotation	version	Number of faces	width	height	FrameIndex	faceid	#classifiers	Brow Furrow	Brow Raise	Engagement	Lip Corner Depressor	Smile	Valence	Attention	Interocular Distance	Pitch	Yaw	Roll	InnerBrowRaise	EyeClosure	NoseWrinkle	UpperLipRaise	LipSuck	LipPress	MouthOpen	ChinRaise	Smirk	LipPucker	Anger	Sadness	Disgust	Joy	Surprise	Fear	Contempt	Cheek Raise	Dimpler	Eye Widen	Lid Tighten	Lip Stretch	Jaw Drop	LiveMarker	KeyStroke	MarkerText	SceneType	SceneOutput	SceneParent
CKbyEmotion	20191217	S037-anger	0	MALE	FaceRecording-1	TestImage	AffRaw	20191217_161720761	80			4	1	640	490	0	0	34	0.02954085	0.01099527	0.2213065	0.0001761519	0.00175245	0	98.65094	122.9375	-9.088055	-0.539103	0.8862722	0.540233	7.786746E-10	0.001002633	0.005703755	0.01030206	0.01256207	14.4142	0.004497403	0.004644828	0.002007343	0.003151108	0.009513827	0.5527551	0.002372349	0.3224197	0.0195241	0.1928497	2.237898E-05	0.00407362	14.51221	0.03791743	0.001105196	0.05494394						
CKbyEmotion	20191217	S037-anger	0	MALE	FaceRecording-1	TestImage	AffRaw	20191217_161720801	120			4	1	640	490	1	0	34	0.005672673	0.0004581284	0.1162848	0.0001929869	0.0011454	0	98.03689	123.3014	-9.698612	2.445937	0.6396815	0.3245236	5.065041E-09	7.285055E-05	0.0001662554	0.006032061	0.01230889	5.414257	0.007237613	0.002822018	0.002078874	0.006807565	0.005884481	0.4702004	0.002017898	0.3230118	0.1921974	0.1927351	5.585131E-06	0.003393173	37.45235	0.09328871	0.001068401	0.09729707						
CKbyEmotion	20191217	S037-anger	0	MALE	FaceRecording-1	TestImage	AffRaw	20191217_161720841	160			4	1	640	490	2	0	34	0.002534599	0.000147027	0.1023692	0.0002250748	0.0006851383	0	97.67078	122.5842	-7.481669	3.319654	0.3922104	0.3739168	3.940284E-08	1.507955E-05	2.86121E-05	0.007448737	0.0112205	3.631049	0.007247143	0.003146663	0.002287398	0.0087629	0.004857666	0.4571655	0.0019538	0.3337933	0.4115271	0.192737	1.83613E-06	0.004618831	45.0814	0.1669706	0.001270554	0.1008186						
CKbyEmotion	20191217	S037-anger	0	MALE	FaceRecording-1	TestImage	AffRaw	20191217_161720881	200			4	1	640	490	3	0	34	0.004132787	0.0001219128	0.1112304	0.0001788847	0.0007338655	0	98.14455	122.3008	-6.566805	2.158445	0.2481983	0.4654436	1.489579E-08	3.697349E-05	5.939491E-05	0.006959646	0.01186656	4.792945	0.006785484	0.004227568	0.002516732	0.01071285	0.003834957	0.4658784	0.001995321	0.3656576	0.7577962	0.1927642	2.355386E-06	0.005447175	51.19829	0.2370755	0.001203472	0.07807897						
CKbyEmotion	20191217	S037-anger	0	MALE	FaceRecording-1	TestImage	AffRaw	20191217_161720921	240			4	1	640	490	4	0	34	0.004914353	9.576754E-05	0.1110646	0.0001768616	0.0008433755	0	98.26952	122.225	-9.278038	1.803428	0.2311061	0.5001243	1.500131E-08	4.675875E-05	7.246799E-05	0.006524228	0.0123941	4.771249	0.006101525	0.004075047	0.002639744	0.01488378	0.002765559	0.4673682	0.001994469	0.4035518	2.01526	0.1927623	2.853629E-06	0.00552074	61.09863	0.3929529	0.001683599	0.07215102						
CKbyEmotion	20191217	S037-anger	0	MALE	FaceRecording-1	TestImage	AffRaw	20191217_161720961	280			4	1	640	490	5	0	34	0.01263419	8.161979E-05	0.1104602	0.0001629033	0.0007861496	0	98.31339	123.3695	-9.04962	1.672806	1.097193	1.031654	3.579139E-08	0.0001046248	0.0001218541	0.008674175	0.01757952	4.687061	0.009542547	0.002701795	0.002230477	0.01318574	0.003190717	0.469332	0.001990395	0.3943265	1.495174	0.1927629	3.225965E-06	0.00666495	57.96947	0.6823909	0.002238148	0.07273354						
CKbyEmotion	20191217	S037-anger	0	MALE	FaceRecording-1	TestImage	AffRaw	20191217_161721001	320			4	1	640	490	6	0	34	0.03164206	5.812437E-05	0.100672	0.0001386862	0.0006672037	0	98.62865	124.4372	-9.634872	0.6221267	-0.1682787	1.961115	1.593289E-07	0.0002199199	0.000197084	0.01081572	0.02497558	3.367657	0.01206217	0.002188415	0.002197148	0.01039907	0.004374109	0.4578834	0.001940763	0.364812	0.819241	0.1928227	3.362935E-06	0.008020249	51.72197	1.623609	0.003214289	0.06868784						
CKbyEmotion	20191217	S037-anger	0	MALE	FaceRecording-1	TestImage	AffRaw	20191217_161721041	360			4	1	640	490	7	0	34	0.1013808	3.370513E-05	0.09619623	0.0001464549	0.0007316133	0	98.33253	125.4438	-8.50127	1.614751	0.6831388	4.177772	3.760336E-06	0.0006138833	0.0003278315	0.01721664	0.05429472	2.6606	0.0161264	0.00182679	0.00304769	0.01144422	0.00442945	0.4565932	0.00190727	0.3916436	1.383825	0.1930661	5.111653E-06	0.01486817	56.62409	3.411477	0.004734283	0.05604153						
CKbyEmotion	20191217	S037-anger	0	MALE	FaceRecording-1	TestImage	AffRaw	20191217_161721081	400			4	1	640	490	8	0	34	0.3637917	2.567722E-05	0.09500151	0.0001259344	0.0005905963	0	98.65602	126.7591	-10.45749	-0.5199637	0.6204468	6.98698	4.75761E-05	0.002937929	0.000960328	0.0360534	0.2582525	2.191518	0.01691554	0.002119379	0.00406072	0.01001309	0.005870648	0.4614741	0.001858826	0.3953103	1.214867	0.1940246	5.313454E-06	0.03423124	54.73977	8.604888	0.00752556	0.0303642						
CKbyEmotion	20191217	S037-anger	0	MALE	FaceRecording-1	TestImage	AffRaw	20191217_161721121	440			4	1	640	490	9	0	34	0.8592506	1.225661E-05	0.1096635	0.0001234335	0.0005371913	0	98.03461	125.0283	-12.12965	2.451854	1.384137	10.96405	0.000677728	0.01853782	0.002880878	0.07441573	2.024836	1.184653	0.02451219	0.002532957	0.006650316	0.00908108	0.008039201	0.4680474	0.001766855	0.4040667	1.285631	0.1958414	5.675042E-06	0.0976295	54.48162	18.70761	0.01704554	0.02722587						
CKbyEmotion	20191217	S037-anger	0	MALE	FaceRecording-1	TestImage	AffRaw	20191217_161721161	480			4	1	640	490	10	0	34	2.139104	9.412695E-06	0.4300197	0.0001380869	0.0005797927	0	98.56684	126.4759	-6.438381	0.8457253	0.1466789	14.85613	0.001117743	0.09229951	0.008287611	0.1355581	21.6339	0.8501233	0.05162787	0.004479088	0.008742701	0.007258818	0.01025691	0.4663078	0.001615033	0.3773416	0.7787581	0.2006291	8.501213E-06	0.3489468	48.33548	28.13857	0.04863449	0.03106623						
CKbyEmotion	20191217	S037-anger	0	MALE	FaceRecording-1	TestImage	AffRaw	20191217_161721201	520			4	1	640	490	11	0	34	5.862634	7.298986E-06	14.62656	0.0001746521	0.0007351859	-18.68425	98.32897	127.6362	-6.395528	1.625604	0.9051837	19.47757	0.0002432381	1.09648	0.05934646	0.1710526	69.43862	0.9862593	0.1013633	0.00813181	0.01513394	0.01163916	0.00873926	0.5228202	0.001268885	0.327017	0.8094587	0.2151863	1.575287E-05	0.9432168	46.70403	41.30172	0.1048848	0.04357801						
CKbyEmotion	20191217	S037-anger	0	MALE	FaceRecording-1	TestImage	AffRaw	20191217_161721241	560			4	1	640	490	12	0	34	13.0783	5.542724E-06	65.06268	0.0002020629	0.0008960565	-34.23337	98.47625	127.7113	-7.576061	1.1568	0.03134805	21.64916	0.0001165	6.602974	0.2785331	0.1754067	95.62684	0.981953	0.1753176	0.01304877	0.02064221	0.02944817	0.01352505	0.8880748	0.0007911979	0.2097041	0.6112886	0.2464097	2.662811E-05	2.170197	41.0872	49.65705	0.2118662	0.0582211						
CKbyEmotion	20191217	S037-anger	0	MALE	FaceRecording-1	TestImage	AffRaw	20191217_161721281	600			4	1	640	490	13	0	34	24.06754	3.798375E-06	86.61946	0.0002393319	0.0009455578	-54.9917	98.19535	126.8979	-5.262114	2.017032	0.4524024	31.99265	5.876798E-05	26.78696	1.056512	0.2469149	99.36116	0.5591015	0.4378032	0.02283943	0.03201121	0.169401	0.07121107	5.280707	0.0003824416	0.1245341	0.5822018	0.3029337	3.818093E-05	8.278423	35.16937	75.26392	0.3912021	0.0714464						
CKbyEmotion	20191217	S037-anger	0	MALE	FaceRecording-1	TestImage	AffRaw	20191217_161721321	640			4	1	640	490	14	0	34	38.48358	2.986576E-06	97.14349	0.0003676744	0.001090003	-79.59894	98.30259	127.8727	-6.92884	1.705261	0.04650629	47.46067	7.638335E-05	49.5638	2.569505	0.3956243	99.80845	0.5130111	0.9999192	0.03372662	0.04897511	0.57965	0.7073112	31.98196	0.0001487354	0.06729653	0.6741732	0.3970316	5.608434E-05	28.64453	29.22315	88.84361	0.558398	0.08003616						
CKbyEmotion	20191217	S037-anger	0	MALE	FaceRecording-1	TestImage	AffRaw	20191217_161721361	680			4	1	640	490	15	0	34	53.37689	2.397192E-06	99.68661	0.0004771674	0.001220377	-99.99857	98.23527	127.7329	-4.543197	1.903157	0.6596534	60.66971	0.000108089	80.75955	9.449006	0.5111571	99.91308	0.4870694	2.315898	0.04784494	0.07236635	1.486367	6.366271	91.29266	5.608589E-05	0.03316474	0.6360053	0.5250377	7.81015E-05	63.14931	21.38747	94.06298	0.9219487	0.1030908						
CKbyEmotion	20191217	S037-anger	0	MALE	FaceRecording-1	TestImage	AffRaw	20191217_161721401	720			4	1	640	490	16	0	34	64.26799	2.205466E-06	99.88568	0.0005672554	0.001358819	-99.99839	98.65557	128.3633	-7.822159	0.5216761	-0.590146	71.47665	8.486809E-05	94.89295	36.73228	0.7252197	99.92609	0.3658633	5.505592	0.06618912	0.09465155	2.750237	28.88725	99.10087	2.743534E-05	0.01982218	0.5220027	0.6444618	0.0001075233	87.1472	13.88849	97.5632	1.28015	0.1294657						
CKbyEmotion	20191217	S037-anger	0	MALE	FaceRecording-1	TestImage	AffRaw	20191217_161721441	760			4	1	640	490	17	0	34	74.33797	1.898701E-06	99.90285	0.0006822479	0.001450251	-99.99828	98.46953	126.6648	-3.880429	1.179154	-0.007545531	80.46839	0.0002549213	97.13808	51.57959	1.079688	99.96268	0.3215643	12.47982	0.09582176	0.1259867	4.544682	65.68787	99.59925	1.418119E-05	0.01220663	0.471484	0.7797757	0.0001351722	96.90372	7.869645	98.72057	1.893651	0.1675302						
CKbyEmotion	20191217	S037-anger	0	MALE	FaceRecording-1	TestImage	AffRaw	20191217_161721481	800			4	1	640	490	18	0	34	80.72306	1.874349E-06	99.90504	0.0007434109	0.001730132	-99.99792	98.56493	129.4807	-6.357444	0.8524905	-0.1182193	81.7085	0.0004912721	97.46095	58.00524	1.497771	99.95888	0.3127455	19.48794	0.1117165	0.1572294	7.344471	78.41293	99.70164	9.335901E-06	0.008316808	0.4638003	0.8795311	0.000186918	99.03343	5.303119	99.31363	2.189991	0.1900156						
CKbyEmotion	20191217	S037-anger	0	MALE	FaceRecording-1	TestImage	AffRaw	20191217_161721521	840			4	1	640	490	19	0	34	85.8737	1.744448E-06	99.90726	0.0008566118	0.001968586	-99.99763	98.77771	128.2542	-4.631794	0.03929259	0.5672696	82.80527	0.0003763717	97.77795	62.82045	2.007897	99.97166	0.3578395	30.92873	0.1387129	0.2070947	10.55116	85.69048	99.76113	6.669829E-06	0.006157909	0.4899997	0.9705809	0.0002417181	99.74657	3.780977	99.56366	2.931409	0.2217173						
CKbyEmotion	20191217	S037-anger	0	MALE	FaceRecording-1	TestImage	AffRaw	20191217_161721561	880			4	1	640	490	20	0	34	87.86768	1.476613E-06	99.90859	0.0009255446	0.002264159	-99.99726	98.72495	129.5821	-6.315505	0.2532322	0.5309513	79.79469	0.0001484984	97.99208	70.14169	1.846597	99.96088	0.3701386	41.91366	0.1376098	0.2549722	13.65764	85.72324	99.82191	5.855321E-06	0.005069545	0.4278873	1.007043	0.0003106963	99.88588	2.23927	99.59191	3.031612	0.2448809						
CKbyEmotion	20191217	S037-anger	0	MALE	FaceRecording-1	TestImage	AffRaw	20191217_161721601	920			4	1	640	490	21	0	34	90.48432	1.169881E-06	99.9063	0.001011328	0.002329991	-99.99716	98.75024	127.3944	-4.967569	0.151763	0.2697501	79.1531	0.0002861273	97.63054	66.58993	1.752435	99.97549	0.4011672	60.50143	0.1571639	0.3359956	16.85396	87.7815	99.79341	4.93649E-06	0.004249231	0.436674	1.059318	0.0003479031	99.95464	1.469905	99.63574	3.879922	0.2562383						
