#Study : CKbyEmotion
#Date : 20191217 16:25:44
#Version : 7.2.15327.0
#TestRunDate : 20191217 16:17:20.622 (+02:00)

StudyName	ExportDate	Name	Age	Gender	StimulusName	SlideType	EventSource	Timestamp	MediaTime	PostMarker	Annotation	version	Number of faces	width	height	FrameIndex	faceid	#classifiers	Brow Furrow	Brow Raise	Engagement	Lip Corner Depressor	Smile	Valence	Attention	Interocular Distance	Pitch	Yaw	Roll	InnerBrowRaise	EyeClosure	NoseWrinkle	UpperLipRaise	LipSuck	LipPress	MouthOpen	ChinRaise	Smirk	LipPucker	Anger	Sadness	Disgust	Joy	Surprise	Fear	Contempt	Cheek Raise	Dimpler	Eye Widen	Lid Tighten	Lip Stretch	Jaw Drop	LiveMarker	KeyStroke	MarkerText	SceneType	SceneOutput	SceneParent
CKbyEmotion	20191217	S034-anger	0	MALE	FaceRecording-1	TestImage	AffRaw	20191217_161720702	80			4	1	640	490	0	0	34	0.4228037	0.0001217177	0.0944251	0.0006941961	0.0002223754	0	97.35241	120.4661	-6.768552	3.976561	-2.93825	2.295261	6.494624E-07	0.001168277	0.0009006546	2.653526E-05	0.001431825	2.078761	0.0001233953	1.84661E-06	0.00760153	0.002418271	0.0257566	0.4425932	0.001847752	0.2112642	0.005437963	0.1942008	1.49561E-06	0.0001158048	1.381636	3.892316	0.0001289435	0.2985239						
CKbyEmotion	20191217	S034-anger	0	MALE	FaceRecording-1	TestImage	AffRaw	20191217_161720742	120			4	1	640	490	1	0	34	2.732054	8.165157E-05	0.1066277	0.0006494505	0.0001837495	0	97.71703	121.8563	-6.084891	3.217022	-1.754432	12.03346	9.967582E-08	0.003600941	0.00163227	3.634654E-05	0.001208718	1.47273	0.0001416439	9.858886E-07	0.005464959	0.001831273	0.06161422	0.4378163	0.001571133	0.2188773	0.006278721	0.2027772	1.748876E-06	0.0002100599	0.4832604	3.001717	0.0001728368	0.4688184						
CKbyEmotion	20191217	S034-anger	0	MALE	FaceRecording-1	TestImage	AffRaw	20191217_161720782	160			4	1	640	490	2	0	34	22.20172	4.519471E-05	0.5425384	0.0006377369	0.0001617064	0	97.48298	122.2679	-8.281969	3.716988	-1.298686	11.35873	2.061652E-08	0.013403	0.005176108	2.903575E-05	0.001605818	4.841108	0.0002574845	9.920307E-07	0.007029522	0.01094427	0.2286529	0.4658125	0.0004670457	0.07300368	0.01150857	0.2918596	2.586258E-06	0.0001594818	0.1824622	3.502253	0.0001584704	0.5194429						
CKbyEmotion	20191217	S034-anger	0	MALE	FaceRecording-1	TestImage	AffRaw	20191217_161720822	200			4	1	640	490	3	0	34	21.71607	3.570341E-05	0.4918385	0.0006580159	0.0001467624	0	97.89352	120.0978	-6.742965	2.8057	-2.254353	13.12942	8.772334E-08	0.01103245	0.003645593	3.589713E-05	0.001758727	3.946101	0.0002298531	8.823422E-07	0.004521545	0.01217449	0.2562657	0.4587042	0.0004743472	0.07589366	0.01161211	0.289222	2.191687E-06	0.0001483247	0.09753477	8.514676	0.0001697291	0.3956627						
CKbyEmotion	20191217	S034-anger	0	MALE	FaceRecording-1	TestImage	AffRaw	20191217_161720862	240			4	1	640	490	4	0	34	29.65117	2.114478E-05	0.7978048	0.0007750452	0.0001284909	-0.3205338	97.32951	121.7689	-8.917369	4.020789	-1.460228	13.91814	2.406302E-07	0.01152988	0.003604057	3.358641E-05	0.002218441	2.82611	0.0002121698	5.826379E-07	0.005577046	0.02568093	0.5075894	0.449642	0.0002764935	0.04651909	0.01531394	0.3354641	1.985421E-06	0.0001322328	0.06938583	11.62422	0.0001371026	0.3381012						
CKbyEmotion	20191217	S034-anger	0	MALE	FaceRecording-1	TestImage	AffRaw	20191217_161720902	280			4	1	640	490	5	0	34	30.73864	1.390048E-05	0.8106726	0.0008329294	0.0001003928	-2.486153	97.51488	120.9483	-7.688064	3.651568	-3.147323	19.13328	9.877798E-08	0.00800177	0.002086318	2.921201E-05	0.002523779	1.96446	0.0002014774	4.988379E-07	0.01001602	0.02992592	0.8004607	0.4429064	0.0002534931	0.04729351	0.01731896	0.3423516	1.328897E-06	0.0001209878	0.05422927	17.79247	0.0001088658	0.2959436						
CKbyEmotion	20191217	S034-anger	0	MALE	FaceRecording-1	TestImage	AffRaw	20191217_161720942	320			4	1	640	490	6	0	34	28.44327	8.834907E-06	0.6638068	0.001056053	8.469384E-05	-2.07431	97.42361	120.8573	-6.693363	3.83661	-1.794018	20.23402	2.349157E-07	0.006303276	0.001450331	3.394655E-05	0.003344769	1.440897	0.0002247783	5.66542E-07	0.006496395	0.03980328	0.7381493	0.4387853	0.0002917968	0.05474589	0.01636678	0.3279776	1.057369E-06	0.0001421427	0.0645576	28.59087	0.0001125588	0.2785726						
CKbyEmotion	20191217	S034-anger	0	MALE	FaceRecording-1	TestImage	AffRaw	20191217_161720982	360			4	1	640	490	7	0	34	46.36729	3.832521E-06	2.340797	0.001580733	6.758858E-05	-9.01413	96.9632	122.2134	-7.456458	4.682368	-2.54645	22.47684	2.560387E-06	0.007895013	0.00110107	2.694968E-05	0.004946546	1.398806	0.0001862182	4.058179E-07	0.00950989	0.2621616	3.211476	0.4392664	9.020471E-05	0.01952045	0.03083407	0.4583866	8.405069E-07	0.0001361645	0.05382041	38.35931	0.0001060542	0.2862239						
CKbyEmotion	20191217	S034-anger	0	MALE	FaceRecording-1	TestImage	AffRaw	20191217_161721022	400			4	1	640	490	8	0	34	65.05426	2.151675E-06	8.28361	0.001666027	4.464216E-05	-14.72845	97.0713	121.5581	-6.795986	4.495584	-2.156371	20.40556	1.681201E-05	0.00500573	0.000460251	3.24306E-05	0.004492011	1.283824	0.0001939146	3.841028E-07	0.007393517	2.257137	10.54508	0.4399912	2.649197E-05	0.006085899	0.05544408	0.6494811	5.229338E-07	0.0001374463	0.04052785	49.02686	0.0001122292	0.2876684						
CKbyEmotion	20191217	S034-anger	0	MALE	FaceRecording-1	TestImage	AffRaw	20191217_161721062	440			4	1	640	490	9	0	34	77.72993	1.325004E-06	18.2606	0.00194976	3.480885E-05	-18.57208	96.99108	123.0658	-8.478179	4.634823	-2.483358	18.90718	0.0001123164	0.001814328	0.0001007019	3.459378E-05	0.004573974	1.286991	0.0001844613	3.466865E-07	0.008336524	10.18082	21.63296	0.4417969	1.155615E-05	0.002760437	0.08245474	0.8222975	3.583916E-07	0.0001431175	0.03438693	58.46896	0.0001143501	0.2812692						
CKbyEmotion	20191217	S034-anger	0	MALE	FaceRecording-1	TestImage	AffRaw	20191217_161721102	480			4	1	640	490	10	0	34	84.81355	8.394383E-07	26.91232	0.002180788	2.573902E-05	-19.83929	97.00658	122.2306	-8.659438	4.608183	-2.011207	15.50772	0.0007980842	0.001300409	4.488018E-05	3.45585E-05	0.004117402	1.199384	0.0002094623	3.10935E-07	0.008408708	25.43293	27.29903	0.4428954	7.257008E-06	0.001681961	0.09865011	0.9380034	2.647821E-07	0.0001504994	0.03118627	65.92119	0.0001197832	0.2707017						
CKbyEmotion	20191217	S034-anger	0	MALE	FaceRecording-1	TestImage	AffRaw	20191217_161721142	520			4	1	640	490	11	0	34	88.44528	5.763935E-07	32.07434	0.002244644	2.274027E-05	-20.6646	97.2635	121.2051	-6.652538	4.146276	-2.677292	14.27626	0.001219029	0.0007141083	1.577409E-05	4.371212E-05	0.003590117	1.049702	0.0002098418	3.19502E-07	0.00811475	41.01681	31.3459	0.4458132	5.706084E-06	0.00131462	0.1090119	1.003439	2.069323E-07	0.0001762786	0.02444588	73.18953	0.0001366924	0.2670023						
CKbyEmotion	20191217	S034-anger	0	MALE	FaceRecording-1	TestImage	AffRaw	20191217_161721182	560			4	1	640	490	12	0	34	91.20561	4.326154E-07	36.38987	0.002525255	2.079256E-05	-20.88827	96.72803	121.1225	-10.32257	5.067441	-1.261184	12.16697	0.0007177495	0.0006773423	1.071802E-05	5.280819E-05	0.00207516	0.9756317	0.0002179134	2.894708E-07	0.006617509	53.64516	32.85031	0.4507447	4.756485E-06	0.001065482	0.1154198	1.056177	1.767149E-07	0.0001786156	0.02063756	77.06735	0.0001429781	0.2456672						
CKbyEmotion	20191217	S034-anger	0	MALE	FaceRecording-1	TestImage	AffRaw	20191217_161721222	600			4	1	640	490	13	0	34	92.2877	3.221499E-07	37.92437	0.002793388	1.854229E-05	-22.15967	97.30275	121.1753	-8.892254	4.072034	-1.805264	14.77919	0.000901661	0.0006820242	7.844287E-06	5.868694E-05	0.00260547	0.813653	0.0002590686	2.747317E-07	0.008374578	64.35448	38.84257	0.4539729	4.418219E-06	0.001047294	0.1249297	1.077592	1.587265E-07	0.0002083441	0.01081949	86.44307	0.0001438252	0.2261655						
CKbyEmotion	20191217	S034-anger	0	MALE	FaceRecording-1	TestImage	AffRaw	20191217_161721262	640			4	1	640	490	14	0	34	92.544	2.730127E-07	38.20755	0.002995887	2.104341E-05	-21.24666	97.23708	120.599	-8.804132	4.195674	-3.301603	11.86841	0.00123384	0.0005544872	5.843306E-06	7.604204E-05	0.003035693	0.7255283	0.0002610285	2.515858E-07	0.01129742	74.16615	34.84957	0.4634414	4.337764E-06	0.0009703099	0.1200784	1.082726	1.661375E-07	0.0002372828	0.005656241	92.92577	0.0001497413	0.2011173						
CKbyEmotion	20191217	S034-anger	0	MALE	FaceRecording-1	TestImage	AffRaw	20191217_161721302	680			4	1	640	490	15	0	34	93.87312	2.306297E-07	40.04885	0.003361519	1.937477E-05	-21.1427	97.31784	121.3434	-9.67812	4.043205	-2.61755	10.23558	0.001171641	0.0005157426	4.69539E-06	8.345739E-05	0.003766363	0.4788604	0.0002434344	2.221449E-07	0.01417763	79.66051	34.82946	0.47482	3.958547E-06	0.0008614542	0.122203	1.109745	1.466223E-07	0.0002462729	0.003675576	95.72607	0.0001344136	0.1808952						
CKbyEmotion	20191217	S034-anger	0	MALE	FaceRecording-1	TestImage	AffRaw	20191217_161721342	720			4	1	640	490	16	0	34	93.82796	1.977076E-07	39.76361	0.003485556	1.872034E-05	-20.84425	97.65828	119.5856	-7.787861	3.347047	-2.278152	9.410924	0.00152918	0.0008573636	8.310573E-06	0.0001096221	0.005176108	0.3574904	0.0002821029	2.150311E-07	0.01828355	81.2141	33.60706	0.4829751	3.961516E-06	0.0008466167	0.1204558	1.108816	1.439104E-07	0.0002801444	0.002848935	97.1705	0.000130822	0.1534						
CKbyEmotion	20191217	S034-anger	0	MALE	FaceRecording-1	TestImage	AffRaw	20191217_161721382	760			4	1	640	490	17	0	34	94.22532	1.7337E-07	40.3653	0.003586688	1.81728E-05	-20.74168	97.64554	120.1449	-10.82164	3.374851	-1.150373	8.710901	0.003211427	0.0009166123	8.787531E-06	0.0001850844	0.00921471	0.3109326	0.000368505	2.106269E-07	0.02033205	82.83955	33.26529	0.509533	3.856544E-06	0.0008140414	0.1206815	1.117016	1.357655E-07	0.0003117431	0.002116005	98.16224	0.0001280207	0.1422836						
CKbyEmotion	20191217	S034-anger	0	MALE	FaceRecording-1	TestImage	AffRaw	20191217_161721422	800			4	1	640	490	18	0	34	94.25368	1.655097E-07	40.34633	0.003591661	1.761003E-05	-20.29289	98.12361	119.2301	-8.499349	2.215606	-2.35529	7.368683	0.003192736	0.001095145	1.051589E-05	0.0003854723	0.01775778	0.2715391	0.0006736934	2.017058E-07	0.02384803	84.08166	31.38065	0.5595961	3.846633E-06	0.0007901732	0.1181653	1.117603	1.290108E-07	0.0003945871	0.001691349	98.82307	0.0001326675	0.1311071						
CKbyEmotion	20191217	S034-anger	0	MALE	FaceRecording-1	TestImage	AffRaw	20191217_161721462	840			4	1	640	490	19	0	34	94.97355	1.564959E-07	41.50364	0.003471732	2.02599E-05	-20.40746	98.103	120.2497	-8.388062	2.271272	-2.805411	6.980402	0.001944107	0.00216278	1.917346E-05	0.0006202281	0.01684223	0.221877	0.001263456	1.750787E-07	0.03816367	85.28499	32.02568	0.6292319	3.666271E-06	0.000750259	0.1201695	1.132618	1.566781E-07	0.0003636922	0.001005203	99.18912	0.0001332358	0.1496851						
CKbyEmotion	20191217	S034-anger	0	MALE	FaceRecording-1	TestImage	AffRaw	20191217_161721502	880			4	1	640	490	20	0	34	95.18219	1.447213E-07	41.73711	0.002981701	2.213854E-05	-20.34752	98.08199	120.1272	-8.170424	2.327427	-2.83732	6.58558	0.001594853	0.005718956	5.150271E-05	0.001525405	0.01923759	0.1477564	0.005090216	1.618268E-07	0.07156033	85.76344	31.84613	0.7220021	3.611682E-06	0.0007339426	0.1201555	1.137007	1.906056E-07	0.0005051098	0.0007140817	99.33479	0.0001389266	0.1637941						
CKbyEmotion	20191217	S034-anger	0	MALE	FaceRecording-1	TestImage	AffRaw	20191217_161721542	920			4	1	640	490	21	0	34	95.0037	1.43187E-07	41.37904	0.003283088	2.526416E-05	-20.39374	98.16868	119.3465	-7.622866	2.091742	-3.07905	6.849002	0.004157001	0.01588589	0.0001390346	0.003612061	0.03179192	0.09418489	0.02209695	1.347865E-07	0.1198429	85.53689	31.97057	0.889822	3.65057E-06	0.0007449702	0.1199114	1.133251	2.348221E-07	0.0005946865	0.0005971097	99.51884	0.0001329695	0.177594						
CKbyEmotion	20191217	S034-anger	0	MALE	FaceRecording-1	TestImage	AffRaw	20191217_161721582	960			4	1	640	490	22	0	34	94.95605	1.445767E-07	41.42024	0.003661516	2.732681E-05	-20.55565	98.31441	118.9552	-8.169028	1.66975	-3.117494	7.171624	0.001911305	0.0550798	0.0005184677	0.01081083	0.04873001	0.05595368	0.1267487	1.063387E-07	0.1912679	85.33157	32.38127	1.067602	3.659424E-06	0.0007512256	0.1203625	1.13225	2.749436E-07	0.0009311212	0.000500792	99.56258	0.0001312155	0.1779856						
CKbyEmotion	20191217	S034-anger	0	MALE	FaceRecording-1	TestImage	AffRaw	20191217_161721622	1000			4	1	640	490	23	0	34	95.87978	1.290243E-07	43.52192	0.004886711	2.826434E-05	-21.14289	97.80532	124.6183	-12.14325	3.015279	-2.407595	7.27526	0.0001294058	0.1847188	0.00159732	0.03080454	0.1423421	0.04477175	0.4719908	8.221485E-08	0.2690881	86.23164	34.03782	1.106802	3.444025E-06	0.0007120071	0.1243315	1.151804	3.256981E-07	0.001465021	0.0005498642	99.59318	0.0001084904	0.1785502						
CKbyEmotion	20191217	S034-anger	0	MALE	FaceRecording-1	TestImage	AffRaw	20191217_161721662	1040			4	1	640	490	24	0	34	95.65021	1.396696E-07	44.82738	0.00718702	2.993757E-05	-21.87813	97.80352	119.8264	-6.426118	3.019464	-2.14545	7.534175	0.0001935607	0.620384	0.00570765	0.06311695	0.5087342	0.02786185	1.442723	7.486332E-08	0.3223279	85.90811	33.9036	1.348193	3.495099E-06	0.0007252785	0.1239275	1.146913	3.759058E-07	0.002021393	0.0006759465	99.66317	9.70429E-05	0.1754137						
CKbyEmotion	20191217	S034-anger	0	MALE	FaceRecording-1	TestImage	AffRaw	20191217_161721702	1080			4	1	640	490	25	0	34	96.17517	1.394449E-07	49.13541	0.01126003	3.161259E-05	-24.7685	97.63539	121.8881	-4.512499	3.396867	-3.556563	7.869808	0.0008895822	3.172108	0.02801004	0.08712126	1.828044	0.01809872	3.340604	6.657135E-08	0.3811629	86.26286	34.80079	1.933272	3.376438E-06	0.0007076949	0.1267078	1.158127	4.553052E-07	0.002553284	0.0006789934	99.6668	8.845089E-05	0.199725						
CKbyEmotion	20191217	S034-anger	0	MALE	FaceRecording-1	TestImage	AffRaw	20191217_161721742	1120			4	1	640	490	26	0	34	97.34859	9.575808E-08	59.7669	0.01807227	2.74584E-05	-30.72979	97.80919	121.1249	-3.200098	3.006271	-4.737549	8.4807	0.0007592707	6.3324	0.05698536	0.1308748	7.14463	0.00879805	8.192066	5.181904E-08	0.5244628	87.12055	35.71095	3.282421	3.126288E-06	0.0006674474	0.1331161	1.183585	4.846311E-07	0.003221101	0.0006715849	99.71358	8.04099E-05	0.1930617						
