#Study : CKbyEmotion
#Date : 20191217 16:25:44
#Version : 7.2.15327.0
#TestRunDate : 20191217 16:17:20.495 (+02:00)

StudyName	ExportDate	Name	Age	Gender	StimulusName	SlideType	EventSource	Timestamp	MediaTime	PostMarker	Annotation	version	Number of faces	width	height	FrameIndex	faceid	#classifiers	Brow Furrow	Brow Raise	Engagement	Lip Corner Depressor	Smile	Valence	Attention	Interocular Distance	Pitch	Yaw	Roll	InnerBrowRaise	EyeClosure	NoseWrinkle	UpperLipRaise	LipSuck	LipPress	MouthOpen	ChinRaise	Smirk	LipPucker	Anger	Sadness	Disgust	Joy	Surprise	Fear	Contempt	Cheek Raise	Dimpler	Eye Widen	Lid Tighten	Lip Stretch	Jaw Drop	LiveMarker	KeyStroke	MarkerText	SceneType	SceneOutput	SceneParent
CKbyEmotion	20191217	S029-anger	0	MALE	FaceRecording-1	TestImage	AffRaw	20191217_161720575	80			4	1	640	490	0	0	34	5.364898	5.189066E-05	0.1983918	0.001483514	0.03442847	-7.170868	97.88253	134.8897	-3.639383	2.832268	-2.205328	0.00263503	0.08568415	12.58183	22.27716	0.0004096949	0.01821588	0.1010916	0.1957499	8.479274E-07	0.3284217	0.0032412	0.03572456	3.202191	0.001297105	0.1414568	0.005328717	0.2124716	0.04419743	0.003980507	3.584396E-06	0.9669404	0.0004480104	0.4897556						
CKbyEmotion	20191217	S029-anger	0	MALE	FaceRecording-1	TestImage	AffRaw	20191217_161720615	120			4	1	640	490	1	0	34	79.44448	3.042645E-05	19.21259	0.001353083	0.007078526	-18.70622	98.54758	137.386	-7.769113	0.9134206	-2.958974	0.0009269651	0.009133883	5.843171	4.489387	0.001079978	0.035521	0.4479341	0.3650305	1.735722E-06	0.2570433	1.506077	8.386726	0.8695859	1.018472E-05	0.001674263	0.06323324	0.8484898	0.006073093	0.02619397	0.0003321992	0.3610638	0.000759914	0.3955387						
CKbyEmotion	20191217	S029-anger	0	MALE	FaceRecording-1	TestImage	AffRaw	20191217_161720655	160			4	1	640	490	2	0	34	94.80342	3.958023E-05	42.10088	0.001332023	0.004436116	-24.44977	98.37183	136.9275	-7.816794	1.493508	-2.79378	0.0009926447	0.0007487265	6.651308	4.5609	0.001366117	0.03203224	0.7357059	0.2262988	2.291498E-06	0.215717	5.239771	22.2977	0.9419786	3.744833E-06	0.0006694453	0.1059091	1.128682	0.004071092	0.01960252	0.001414337	0.2758237	0.0006425548	0.2775948						
CKbyEmotion	20191217	S029-anger	0	MALE	FaceRecording-1	TestImage	AffRaw	20191217_161720695	200			4	1	640	490	3	0	34	94.14829	3.664178E-05	40.59911	0.001054708	0.003542375	-24.31653	98.33221	136.4202	-8.126495	1.615717	-2.820948	0.001056435	0.0006829171	6.85531	4.514981	0.00145086	0.0468202	0.5238198	0.2124137	2.671933E-06	0.2260727	4.96855	21.5741	0.9540371	3.893305E-06	0.0006933758	0.1034389	1.11513	0.003363956	0.02347922	0.001343756	0.3876638	0.0009560022	0.3332249						
CKbyEmotion	20191217	S029-anger	0	MALE	FaceRecording-1	TestImage	AffRaw	20191217_161720735	240			4	1	640	490	4	0	34	96.57846	4.860171E-05	45.08288	0.001227696	0.003063542	-24.96763	98.14575	135.728	-8.970088	2.155135	-2.580776	0.001772514	0.003691633	6.728062	4.321506	0.001973266	0.04826815	0.6590181	0.2040794	2.30257E-06	0.2232477	6.130885	24.73211	0.9381723	3.328666E-06	0.0006015874	0.1121226	1.166552	0.002908927	0.01366757	0.004242396	0.6975719	0.001087865	0.3524519						
CKbyEmotion	20191217	S029-anger	0	MALE	FaceRecording-1	TestImage	AffRaw	20191217_161720775	280			4	1	640	490	5	0	34	98.09335	6.491103E-05	48.07943	0.001837039	0.002283758	-24.43725	98.31065	135.2264	-9.020096	1.681071	-3.210968	0.003162171	0.00958649	5.655761	3.541221	0.001843122	0.05939892	0.8305875	0.2176531	2.043208E-06	0.2054272	7.164135	26.79074	0.8288521	3.023475E-06	0.0005522712	0.1178043	1.199829	0.002090739	0.01502658	0.00989857	1.394835	0.001355847	0.4017619						
CKbyEmotion	20191217	S029-anger	0	MALE	FaceRecording-1	TestImage	AffRaw	20191217_161720815	320			4	1	640	490	6	0	34	98.08643	4.170157E-05	48.08368	0.001514415	0.001748754	-22.18348	98.20296	135.2261	-9.498261	1.995529	-2.449921	0.004054807	0.006577407	3.410675	1.858256	0.002240018	0.05725946	0.8398967	0.2192449	2.427943E-06	0.2106779	7.618313	26.77498	0.6339009	3.025096E-06	0.0005524709	0.1178805	1.199722	0.001368802	0.01228195	0.01264566	2.727615	0.001204429	0.3852451						
CKbyEmotion	20191217	S029-anger	0	MALE	FaceRecording-1	TestImage	AffRaw	20191217_161720855	360			4	1	640	490	7	0	34	98.59151	2.617586E-05	49.06917	0.001064769	0.001563628	-20.7473	98.50596	135.4112	-9.972761	1.056824	-2.951764	0.005488629	0.02021763	1.81882	0.6938668	0.001638685	0.03532826	0.8871607	0.154479	2.740608E-06	0.2500458	8.543004	27.49884	0.5249394	2.929151E-06	0.0005368768	0.1198618	1.211016	0.001034194	0.01069995	0.01761902	4.347598	0.001187055	0.4059156						
CKbyEmotion	20191217	S029-anger	0	MALE	FaceRecording-1	TestImage	AffRaw	20191217_161720895	400			4	1	640	490	8	0	34	98.70432	1.606937E-05	49.17448	0.0009896569	0.001268093	-20.05267	98.39896	135.8458	-10.01195	1.408115	-2.073106	0.005661686	0.02226143	0.939563	0.2991771	0.00234548	0.02609738	0.8333437	0.1529089	2.803495E-06	0.2695207	9.477289	27.70306	0.4771731	2.904621E-06	0.0005329077	0.1202655	1.213576	0.0006698572	0.01177371	0.0238461	6.476281	0.001383517	0.4372893						
CKbyEmotion	20191217	S029-anger	0	MALE	FaceRecording-1	TestImage	AffRaw	20191217_161720935	440			4	1	640	490	9	0	34	98.54347	1.954008E-05	48.90239	0.0008837275	0.001799491	-19.86317	98.23232	137.9376	-10.60701	1.911653	-1.899768	0.00757605	0.01962122	0.7822251	0.2210284	0.003061688	0.01861015	0.8417554	0.1625806	3.341264E-06	0.2448338	10.09734	27.46102	0.4689887	2.936064E-06	0.0005378104	0.1197616	1.209918	0.0008893828	0.0142372	0.02313509	8.145988	0.001658049	0.4005843						
CKbyEmotion	20191217	S029-anger	0	MALE	FaceRecording-1	TestImage	AffRaw	20191217_161720975	480			4	1	640	490	10	0	34	98.03876	1.890674E-05	47.76655	0.0007564895	0.002078049	-19.502	98.03124	136.5268	-11.4145	2.460581	-1.541913	0.009073531	0.005239917	0.5668626	0.1413884	0.003271786	0.010642	0.7096741	0.1168151	3.079776E-06	0.2447931	10.36871	26.8054	0.4575306	3.027538E-06	0.0005515517	0.1180829	1.198634	0.0009981372	0.01616151	0.02070077	9.667727	0.001539049	0.3127318						
CKbyEmotion	20191217	S029-anger	0	MALE	FaceRecording-1	TestImage	AffRaw	20191217_161721015	520			4	1	640	490	11	0	34	97.89134	2.25787E-05	47.52739	0.0008239065	0.002416401	-19.43006	97.92065	137.4815	-11.64569	2.73948	-1.581939	0.01149235	0.002365181	0.5506036	0.1262745	0.003985814	0.007668937	0.7228594	0.1084569	2.832179E-06	0.2853853	11.68901	26.58224	0.456772	3.057796E-06	0.0005562901	0.1176732	1.195335	0.001155336	0.01979342	0.02326236	12.601	0.001736582	0.2780264						
CKbyEmotion	20191217	S029-anger	0	MALE	FaceRecording-1	TestImage	AffRaw	20191217_161721055	560			4	1	640	490	12	0	34	97.78306	2.29501E-05	47.36357	0.0008536596	0.002649612	-19.37996	97.88177	136.705	-10.47533	2.834084	-1.835852	0.01484956	0.01222597	0.5375578	0.1157583	0.004712729	0.007669412	0.739166	0.1070983	2.33629E-06	0.3240116	12.43993	26.41957	0.4564406	3.080574E-06	0.0005596472	0.1173936	1.192919	0.001249828	0.02395174	0.01976076	14.18977	0.001925844	0.2320176						
CKbyEmotion	20191217	S029-anger	0	MALE	FaceRecording-1	TestImage	AffRaw	20191217_161721095	600			4	1	640	490	13	0	34	97.20947	1.903405E-05	46.37461	0.0008993577	0.002485027	-19.22	98.24935	137.5688	-11.72977	1.862383	-1.915895	0.01952749	0.03302122	0.6017139	0.119904	0.005574558	0.009979424	0.7567341	0.09325183	2.157617E-06	0.3455755	14.90144	25.579	0.4592455	3.199364E-06	0.0005791803	0.1154516	1.180323	0.001131642	0.0362962	0.0305204	19.31895	0.002275831	0.1946318						
CKbyEmotion	20191217	S029-anger	0	MALE	FaceRecording-1	TestImage	AffRaw	20191217_161721135	640			4	1	640	490	14	0	34	97.08744	1.727244E-05	45.99325	0.001076996	0.001979112	-19.10631	98.44228	137.2249	-12.8571	1.268765	-2.844003	0.03158119	0.01826423	0.4954237	0.0981336	0.007163319	0.01355854	0.6639496	0.07855289	1.797976E-06	0.3075498	26.66306	25.48136	0.4540177	3.21932E-06	0.0005818888	0.1150543	1.177702	0.0008534821	0.03848266	0.02547481	34.2049	0.002720924	0.1682888						
CKbyEmotion	20191217	S029-anger	0	MALE	FaceRecording-1	TestImage	AffRaw	20191217_161721175	680			4	1	640	490	15	0	34	96.82249	1.489432E-05	45.39948	0.001156742	0.001643243	-19.05601	98.19172	138.7731	-12.75069	2.027269	-2.7242	0.04965677	0.01184578	0.5414717	0.1103819	0.008255288	0.01665509	0.5939087	0.07630138	1.612026E-06	0.339628	42.43097	25.17483	0.4558664	3.271289E-06	0.0005900597	0.1141211	1.171963	0.0006563963	0.0480929	0.0204021	48.84137	0.003051998	0.1426343						
CKbyEmotion	20191217	S029-anger	0	MALE	FaceRecording-1	TestImage	AffRaw	20191217_161721215	720			4	1	640	490	16	0	34	95.86185	1.346313E-05	43.66477	0.001120709	0.001531925	-18.58078	98.20497	139.198	-13.95536	1.989811	-2.640709	0.07865735	0.02215091	0.3225414	0.06321372	0.007743946	0.02130002	0.5712414	0.06556826	1.45684E-06	0.337139	56.08595	23.89109	0.446056	3.482083E-06	0.0006249305	0.1105984	1.151293	0.0005719045	0.05288563	0.0182672	61.47668	0.003015556	0.1320061						
CKbyEmotion	20191217	S029-anger	0	MALE	FaceRecording-1	TestImage	AffRaw	20191217_161721255	760			4	1	640	490	17	0	34	95.40008	1.172628E-05	42.71008	0.001157417	0.001417374	-18.33989	98.39762	138.5564	-12.67099	1.412365	-2.007068	0.1215721	0.0211966	0.1847082	0.03225884	0.008111889	0.02325699	0.4882601	0.06265383	1.340903E-06	0.3772687	63.06847	23.37194	0.4396507	3.583466E-06	0.0006416015	0.1089182	1.141491	0.0004828317	0.07509749	0.01021112	68.14732	0.003526927	0.1278845						
CKbyEmotion	20191217	S029-anger	0	MALE	FaceRecording-1	TestImage	AffRaw	20191217_161721295	800			4	1	640	490	18	0	34	94.82191	1.190657E-05	41.63347	0.001300776	0.001475623	-18.11523	98.44322	138.6297	-12.43171	1.265682	-2.838292	0.1359631	0.01270201	0.1400485	0.02359542	0.009313688	0.02409475	0.4483604	0.06013243	1.261722E-06	0.3627885	68.69999	22.6456	0.4377573	3.719009E-06	0.0006635683	0.1068844	1.129317	0.0004836718	0.09104472	0.007110242	74.16914	0.003683457	0.1136366						
