#Study : CKbyEmotion
#Date : 20191217 16:25:44
#Version : 7.2.15327.0
#TestRunDate : 20191217 16:17:20.435 (+02:00)

StudyName	ExportDate	Name	Age	Gender	StimulusName	SlideType	EventSource	Timestamp	MediaTime	PostMarker	Annotation	version	Number of faces	width	height	FrameIndex	faceid	#classifiers	Brow Furrow	Brow Raise	Engagement	Lip Corner Depressor	Smile	Valence	Attention	Interocular Distance	Pitch	Yaw	Roll	InnerBrowRaise	EyeClosure	NoseWrinkle	UpperLipRaise	LipSuck	LipPress	MouthOpen	ChinRaise	Smirk	LipPucker	Anger	Sadness	Disgust	Joy	Surprise	Fear	Contempt	Cheek Raise	Dimpler	Eye Widen	Lid Tighten	Lip Stretch	Jaw Drop	LiveMarker	KeyStroke	MarkerText	SceneType	SceneOutput	SceneParent
CKbyEmotion	20191217	S028-anger	0	MALE	FaceRecording-1	TestImage	AffRaw	20191217_161720515	80			4	1	640	490	0	0	34	6.208206E-05	0.0001410299	0.07923685	0.001340888	6.993421E-05	0	98.03592	122.6288	-15.61489	-2.448456	-3.540477	0.5935164	1.686542E-09	1.292179E-07	4.208691E-08	0.01617795	0.02731974	0.0420405	0.005258233	0.002509643	0.003148999	0.00194979	0.02477562	0.4261538	0.001830489	0.1958319	0.004671599	0.192724	2.219614E-08	0.004478149	0.2086606	0.08839508	0.001126892	0.06401385						
CKbyEmotion	20191217	S028-anger	0	MALE	FaceRecording-1	TestImage	AffRaw	20191217_161720555	120			4	1	640	490	1	0	34	0.002298022	0.0004325197	0.08030346	0.001685943	0.00158068	0	98.63558	124.894	-17.66431	-0.5965007	-2.655985	0.402697	1.893652E-10	6.410733E-05	1.615938E-05	0.1121157	0.02303971	0.2293707	0.01116401	0.001073549	0.006867952	0.00196716	0.02433697	0.42549	0.001836903	0.195793	0.004622427	0.1926809	1.847368E-06	0.006103003	0.131958	0.04679619	0.00156367	0.05504112						
CKbyEmotion	20191217	S028-anger	0	MALE	FaceRecording-1	TestImage	AffRaw	20191217_161720595	160			4	1	640	490	2	0	34	0.006734891	0.0005972954	0.08218262	0.001179494	0.003210833	0	98.479	125.3217	-17.10338	-1.147626	-3.154648	0.2933285	1.722181E-11	0.0001467094	6.336439E-05	0.5490295	0.01479208	0.519237	0.01188994	0.0006762724	0.00742057	0.002017432	0.02377524	0.418613	0.001846554	0.1966712	0.004608062	0.1926652	5.079261E-06	0.004676003	0.1159786	0.03039284	0.001690508	0.04716786						
CKbyEmotion	20191217	S028-anger	0	MALE	FaceRecording-1	TestImage	AffRaw	20191217_161720635	200			4	1	640	490	3	0	34	0.008606144	0.0005363849	0.08226254	0.0009731196	0.00218369	0	98.47025	125.0831	-17.21711	-1.176751	-3.064182	0.2736765	3.877E-11	0.0002915645	0.0001117037	0.337138	0.01587762	0.5607792	0.01417041	0.0005642319	0.01230871	0.001998042	0.0238001	0.4232855	0.001847417	0.1967916	0.004606164	0.1926846	6.433953E-06	0.005092294	0.1153214	0.0357405	0.001474852	0.05165989						
CKbyEmotion	20191217	S028-anger	0	MALE	FaceRecording-1	TestImage	AffRaw	20191217_161720675	240			4	1	640	490	4	0	34	0.009544942	0.0001715907	0.08337823	0.000886409	0.003318507	0	98.77784	126.5063	-18.047	0.03876786	-2.62459	0.2344062	9.071558E-11	0.0001881165	8.518936E-05	0.3790903	0.01584927	0.7485933	0.01394542	0.0006897505	0.01098576	0.002007904	0.02359576	0.4238036	0.001853988	0.1974895	0.004589926	0.1926741	8.776844E-06	0.004689064	0.08681791	0.03536778	0.001410977	0.05148945						
CKbyEmotion	20191217	S028-anger	0	MALE	FaceRecording-1	TestImage	AffRaw	20191217_161720715	280			4	1	640	490	5	0	34	0.0395533	2.038223E-05	0.08488517	0.0007284942	0.001834349	0	98.26295	126.7485	-18.84464	-1.82271	-4.027285	0.26605	3.399133E-09	0.0001437755	3.429113E-05	0.475645	0.01684159	0.9695713	0.01453033	0.0006740531	0.01552334	0.002029452	0.02348488	0.4236095	0.001857358	0.1983448	0.004600439	0.1928035	4.491152E-06	0.004604385	0.0921665	0.07574431	0.0013202	0.04785381						
CKbyEmotion	20191217	S028-anger	0	MALE	FaceRecording-1	TestImage	AffRaw	20191217_161720755	320			4	1	640	490	6	0	34	0.04524202	4.607911E-06	0.08302491	0.0005883151	0.0006772144	0	98.30077	127.4362	-18.54333	-1.710735	-4.097804	0.3024328	4.34626E-07	4.964255E-05	9.268675E-06	0.2507629	0.01200943	0.6533964	0.01206005	0.0004832822	0.01736951	0.002013065	0.02391037	0.4259185	0.001845676	0.1968277	0.004595077	0.1928368	1.506711E-06	0.004429176	0.07220288	0.1436647	0.001120318	0.04908691						
CKbyEmotion	20191217	S028-anger	0	MALE	FaceRecording-1	TestImage	AffRaw	20191217_161720795	360			4	1	640	490	7	0	34	0.06432039	8.918831E-07	0.08215228	0.0005579398	0.0003209424	0	98.38841	128.9547	-18.01772	-1.441488	-4.158832	0.2797813	2.322038E-06	5.095217E-05	4.975407E-06	0.2265075	0.009643584	0.4862726	0.0120394	0.0003290976	0.03133128	0.002017111	0.02407273	0.4252273	0.001837672	0.1956621	0.004584686	0.1929076	5.049796E-07	0.004394684	0.04787929	0.2440736	0.001118584	0.052519						
CKbyEmotion	20191217	S028-anger	0	MALE	FaceRecording-1	TestImage	AffRaw	20191217_161720835	400			4	1	640	490	8	0	34	0.09788936	4.003084E-07	0.0820313	0.0005974195	0.0001730701	0	98.2225	128.1922	-19.03248	-1.939854	-4.73805	0.3089839	5.437343E-06	7.886608E-06	4.314477E-07	0.2221429	0.01338722	0.432059	0.01202678	0.0002626714	0.03419555	0.002033363	0.02423782	0.4249475	0.001831788	0.1950918	0.004584414	0.1930296	1.948456E-07	0.004357991	0.03156234	0.408913	0.001025567	0.05369636						
CKbyEmotion	20191217	S028-anger	0	MALE	FaceRecording-1	TestImage	AffRaw	20191217_161720875	440			4	1	640	490	9	0	34	0.1050907	1.819795E-07	0.08171441	0.0005828585	0.0001108706	0	98.61915	127.3348	-19.97604	-0.6571836	-4.469396	0.3365062	1.809375E-05	1.271433E-06	3.438331E-08	0.2163853	0.01678445	0.3706179	0.01190554	0.0002327672	0.04107545	0.002060404	0.02435276	0.4248166	0.001828862	0.1947972	0.004584104	0.193056	8.722614E-08	0.004383759	0.0235813	0.7249399	0.0009914053	0.05286494						
CKbyEmotion	20191217	S028-anger	0	MALE	FaceRecording-1	TestImage	AffRaw	20191217_161720915	480			4	1	640	490	10	0	34	0.1625884	7.140009E-08	0.08152281	0.0004619515	7.073232E-05	0	98.30562	126.8765	-19.65219	-1.696183	-4.534536	0.3345381	7.515183E-05	4.493129E-07	5.645248E-09	0.1754497	0.01630517	0.2802351	0.01198249	0.000178336	0.03698351	0.002102633	0.02455144	0.4250829	0.00181899	0.1936615	0.00458969	0.1932632	5.244798E-08	0.004331995	0.01627951	1.093443	0.0009160111	0.05101349						
CKbyEmotion	20191217	S028-anger	0	MALE	FaceRecording-1	TestImage	AffRaw	20191217_161720955	520			4	1	640	490	11	0	34	0.2738358	3.837572E-08	0.08204999	0.0004720155	4.800343E-05	0	98.44504	128.5366	-19.53852	-1.259758	-3.966582	0.3399511	0.0001815145	2.48423E-07	1.375558E-09	0.1691686	0.01607232	0.2592981	0.01260106	0.0001583469	0.04481227	0.002183275	0.02478907	0.4253099	0.001805098	0.1922945	0.004605259	0.1936659	3.075264E-08	0.004466173	0.0126147	1.679216	0.000978476	0.0524883						
CKbyEmotion	20191217	S028-anger	0	MALE	FaceRecording-1	TestImage	AffRaw	20191217_161720995	560			4	1	640	490	12	0	34	0.3840657	2.058807E-08	0.08250472	0.0004754254	3.355849E-05	0	98.68913	128.2402	-20.18544	-0.3936324	-4.297372	0.3597942	0.0004419742	9.583957E-08	4.101199E-10	0.1696093	0.0144802	0.2265112	0.01217292	0.0001320001	0.04918719	0.002253461	0.02505699	0.4252202	0.001791049	0.1909439	0.004623141	0.1940655	1.777458E-08	0.004620329	0.01114728	2.166703	0.0009733025	0.05196748						
CKbyEmotion	20191217	S028-anger	0	MALE	FaceRecording-1	TestImage	AffRaw	20191217_161721035	600			4	1	640	490	13	0	34	0.4348831	1.055667E-08	0.08277095	0.0004195081	2.260173E-05	0	98.30578	128.3259	-20.06463	-1.695717	-4.490479	0.3689449	0.0006161702	7.686177E-08	2.187848E-10	0.2208328	0.02364197	0.2200226	0.01463318	0.0001206042	0.05149657	0.002426129	0.02515125	0.4241428	0.001784888	0.1903503	0.004630378	0.1942501	1.0403E-08	0.004839509	0.007379225	3.570585	0.001060359	0.04927173						
CKbyEmotion	20191217	S028-anger	0	MALE	FaceRecording-1	TestImage	AffRaw	20191217_161721075	640			4	1	640	490	14	0	34	0.634155	8.439357E-09	0.08434472	0.0003732472	1.595185E-05	0	98.17979	131.8464	-20.46578	-2.060756	-4.313553	0.3339207	0.03904319	8.90336E-08	2.008517E-10	0.2854722	0.02352706	0.1756137	0.01828663	0.0001281896	0.05463218	0.00315231	0.02548083	0.4228334	0.001760335	0.1877568	0.004658235	0.194976	6.533755E-09	0.005169109	0.007145907	8.475779	0.001210453	0.05051642						
CKbyEmotion	20191217	S028-anger	0	MALE	FaceRecording-1	TestImage	AffRaw	20191217_161721115	680			4	1	640	490	15	0	34	0.8347044	8.015164E-09	0.08602487	0.0003713389	1.456905E-05	0	97.95539	131.0765	-20.5556	-2.653458	-4.055421	0.306706	30.01303	1.794676E-07	3.199175E-10	0.3612958	0.03617638	0.122854	0.02753689	0.0001303693	0.06225318	0.005199479	0.02582845	0.4214089	0.001735713	0.1851456	0.00468774	0.1957092	5.411262E-09	0.006702702	0.005867989	18.16289	0.001523986	0.04442171						
CKbyEmotion	20191217	S028-anger	0	MALE	FaceRecording-1	TestImage	AffRaw	20191217_161721155	720			4	1	640	490	16	0	34	0.9522036	5.698397E-09	0.08734551	0.0003425567	1.234612E-05	0	97.80523	129.7469	-19.76351	-3.015487	-5.280112	0.3119176	42.42471	5.226995E-07	8.308671E-10	0.4572753	0.07209335	0.08762397	0.04208429	0.0001629754	0.06428837	0.01299493	0.02603939	0.4199039	0.001721311	0.1836952	0.004707007	0.1961408	4.524384E-09	0.009071282	0.005877532	36.31646	0.00183188	0.04176389						
CKbyEmotion	20191217	S028-anger	0	MALE	FaceRecording-1	TestImage	AffRaw	20191217_161721195	760			4	1	640	490	17	0	34	1.257133	5.496058E-09	0.09183642	0.000343803	1.636657E-05	0	97.97105	126.6279	-21.44509	-2.61425	-4.563515	0.3962413	0.07000847	1.706666E-06	3.237776E-09	0.8548993	0.2609227	0.08023707	0.08696988	0.0002020557	0.06170148	0.02964886	0.02653929	0.4119077	0.001687071	0.1806051	0.00476248	0.1972639	6.070958E-09	0.0186986	0.004118639	52.38406	0.002487974	0.03255249						
CKbyEmotion	20191217	S028-anger	0	MALE	FaceRecording-1	TestImage	AffRaw	20191217_161721235	800			4	1	640	490	18	0	34	1.616874	6.971629E-09	0.0980145	0.0003420544	2.825434E-05	0	98.10214	126.2063	-21.31341	-2.273596	-4.166934	0.4769893	0.0002107174	1.01983E-05	2.494304E-08	1.407511	1.125096	0.08080047	0.179184	0.0002356056	0.05607974	0.04355569	0.02677375	0.4007651	0.001647832	0.1770108	0.004826903	0.1985968	1.138374E-08	0.05304317	0.002137879	59.54653	0.003562026	0.02439826						
CKbyEmotion	20191217	S028-anger	0	MALE	FaceRecording-1	TestImage	AffRaw	20191217_161721275	840			4	1	640	490	19	0	34	1.585414	8.406824E-09	0.1200517	0.0003427404	5.166042E-05	0	98.14664	125.6825	-21.42251	-2.15269	-4.664811	0.5369503	7.147142E-06	5.970596E-05	2.031084E-07	3.330156	4.28136	0.08932763	0.4625029	0.0002616656	0.05617014	0.05572046	0.0246351	0.3646384	0.001651491	0.1775792	0.004827161	0.1984801	2.188706E-08	0.1881375	0.001355049	64.57186	0.005510089	0.02037834						
CKbyEmotion	20191217	S028-anger	0	MALE	FaceRecording-1	TestImage	AffRaw	20191217_161721315	880			4	1	640	490	20	0	34	1.471596	7.823715E-09	0.2360227	0.0003368811	9.84994E-05	0	98.19469	123.8442	-20.39139	-2.018908	-3.508058	0.5937272	3.798511E-07	0.0006010954	2.543537E-06	6.485031	13.87552	0.08542418	1.093808	0.0003336648	0.05037249	0.05719145	0.01982863	0.312228	0.001663734	0.1789686	0.004813917	0.1980587	4.702814E-08	0.6224905	0.0009376852	65.33297	0.007649356	0.01761768						
CKbyEmotion	20191217	S028-anger	0	MALE	FaceRecording-1	TestImage	AffRaw	20191217_161721355	920			4	1	640	490	21	0	34	1.509513	8.508549E-09	1.970058	0.0003463852	0.0001906448	-6.830391	98.05199	124.4297	-20.05197	-2.406555	-4.503391	0.6098924	1.007593E-06	0.004906144	2.685808E-05	13.87182	43.78954	0.09212826	2.731164	0.0004246977	0.04810202	0.06499624	0.01068921	0.2175426	0.001659837	0.1786459	0.004821778	0.1981998	9.760893E-08	2.371662	0.0007971402	67.83897	0.01088509	0.01649813						
CKbyEmotion	20191217	S028-anger	0	MALE	FaceRecording-1	TestImage	AffRaw	20191217_161721395	960			4	1	640	490	22	0	34	1.830836	9.28023E-09	11.10066	0.0003493677	0.0003194169	-20.84353	98.38914	126.446	-20.89842	-1.439182	-3.918063	0.5813121	8.774099E-06	0.04742185	0.0003437211	25.30206	69.04216	0.1063633	6.41614	0.0004757278	0.04376105	0.05695753	0.005927589	0.1246981	0.001625748	0.1751976	0.004871974	0.1993943	1.853861E-07	7.834514	0.0006175739	64.6282	0.01492716	0.01505541						
CKbyEmotion	20191217	S028-anger	0	MALE	FaceRecording-1	TestImage	AffRaw	20191217_161721435	1000			4	1	640	490	23	0	34	1.602169	9.34533E-09	27.91937	0.0003415237	0.0005650633	-36.04532	98.45389	124.6754	-20.13227	-1.230784	-4.597963	0.6304831	1.577089E-05	0.2020804	0.001767567	43.97047	85.11932	0.1125489	15.77729	0.000595141	0.0453837	0.0559444	0.003275461	0.05057952	0.001650515	0.1778149	0.004839602	0.1985418	3.542399E-07	25.9987	0.0005680702	64.68735	0.02103593	0.01494409						
