#Study : CKbyEmotion
#Date : 20191217 20:50:00
#Version : 7.2.15327.0
#TestRunDate : 20191217 19:48:25.078 (+02:00)

StudyName	ExportDate	Name	Age	Gender	StimulusName	SlideType	EventSource	Timestamp	MediaTime	PostMarker	Annotation	version	Number of faces	width	height	FrameIndex	faceid	#classifiers	Brow Furrow	Brow Raise	Engagement	Lip Corner Depressor	Smile	Valence	Attention	Interocular Distance	Pitch	Yaw	Roll	InnerBrowRaise	EyeClosure	NoseWrinkle	UpperLipRaise	LipSuck	LipPress	MouthOpen	ChinRaise	Smirk	LipPucker	Anger	Sadness	Disgust	Joy	Surprise	Fear	Contempt	Cheek Raise	Dimpler	Eye Widen	Lid Tighten	Lip Stretch	Jaw Drop	LiveMarker	KeyStroke	MarkerText	SceneType	SceneOutput	SceneParent
CKbyEmotion	20191217	S081-surprise	0	MALE	FaceRecording-1	TestImage	AffRaw	20191217_194825158	80			4	1	640	490	0	0	34	6.953154E-06	3.739855E-08	0.07929599	0.0002272051	0.005941148	0	98.68615	149.4124	-9.210144	0.4050845	5.030555	0.6734641	2.88879E-11	5.637253E-09	5.686853E-10	0.008823836	0.02889432	0.05476883	0.009138091	0.001493886	0.01909561	0.002203487	0.02195199	0.4260015	0.001832688	0.2036154	0.006822435	0.1926184	2.305546E-06	0.007148511	3.977065	0.007007355	0.0022615	0.03685046						
CKbyEmotion	20191217	S081-surprise	0	MALE	FaceRecording-1	TestImage	AffRaw	20191217_194825198	120			4	1	640	490	1	0	34	3.362551E-05	6.443357E-07	0.08563102	0.0002234134	0.06992375	0	98.76744	147.2445	-9.654413	0.08161602	4.342123	0.6094956	3.005735E-11	7.402857E-08	6.322981E-09	0.006649923	0.02687295	1.131668	0.00666661	0.001050501	0.01814567	0.002161164	0.0213613	0.4326362	0.001888592	0.2078434	0.006446563	0.191689	4.735868E-05	0.009123463	3.464886	0.006931431	0.002216138	0.04057138						
CKbyEmotion	20191217	S081-surprise	0	MALE	FaceRecording-1	TestImage	AffRaw	20191217_194825238	160			4	1	640	490	2	0	34	1.402121E-05	1.221478E-06	0.0929769	0.0002099777	0.06812838	0	98.74976	145.936	-9.405035	-0.1536845	4.331562	0.3664973	6.488618E-11	4.377314E-08	7.513997E-09	0.00646764	0.02903906	2.284962	0.005248289	0.0008007123	0.01215561	0.002334873	0.01887611	0.4418393	0.001928047	0.2173397	0.007900827	0.1917097	4.523615E-05	0.009678721	5.539413	0.007203762	0.002262451	0.04321647						
CKbyEmotion	20191217	S081-surprise	0	MALE	FaceRecording-1	TestImage	AffRaw	20191217_194825278	200			4	1	640	490	3	0	34	1.509527E-05	9.080305E-06	0.08850873	0.0002008977	0.03663878	0	98.72218	147.546	-7.985975	0.2642286	4.503551	0.2234295	7.945276E-11	7.63351E-08	1.779772E-08	0.007845226	0.02653446	1.594838	0.004498793	0.0004904047	0.01055281	0.002943322	0.01531512	0.4372135	0.001894219	0.2278149	0.01549952	0.1921558	4.249418E-05	0.007409687	12.27968	0.005624109	0.001904141	0.03764453						
CKbyEmotion	20191217	S081-surprise	0	MALE	FaceRecording-1	TestImage	AffRaw	20191217_194825318	240			4	1	640	490	4	0	34	1.281603E-05	0.0004007157	0.09672085	0.0003118656	0.04896293	0	98.30939	147.5175	-7.766398	1.684883	4.607339	0.1050472	5.111738E-11	8.151442E-08	3.016123E-08	0.009895165	0.0207315	2.837797	0.00510984	0.0003428494	0.0131397	0.0066292	0.006488842	0.4467784	0.0019414	0.298719	0.1745335	0.1919756	6.475454E-05	0.004844515	36.54232	0.004193229	0.001586114	0.05406896						
CKbyEmotion	20191217	S081-surprise	0	MALE	FaceRecording-1	TestImage	AffRaw	20191217_194825358	280			4	1	640	490	5	0	34	1.15625E-05	0.06742287	0.2527449	0.0003229479	0.05878337	0	98.22353	146.3241	-8.426194	1.936895	4.786739	0.05481176	1.22938E-10	1.156213E-07	1.000553E-07	0.007962576	0.01902692	16.24038	0.004574855	0.0007839735	0.01583853	0.0224702	0.00121465	0.569088	0.002475646	0.6030577	6.387661	0.1918435	8.854406E-05	0.005448812	73.24162	0.003242004	0.001591712	0.1121996						
CKbyEmotion	20191217	S081-surprise	0	MALE	FaceRecording-1	TestImage	AffRaw	20191217_194825398	320			4	1	640	490	6	0	34	5.684076E-06	7.599184	4.024468	0.0002831165	0.03859517	0	97.81788	146.8508	-7.897274	2.985946	4.616164	0.03609619	3.563102E-10	3.861198E-08	9.130645E-08	0.004945159	0.02005344	47.99701	0.003904198	0.002035859	0.02371469	0.02765299	0.0001950223	1.010742	0.003435242	2.286589	23.21768	0.1921591	5.549658E-05	0.006374854	90.71327	0.002494591	0.001326473	0.3641822						
CKbyEmotion	20191217	S081-surprise	0	MALE	FaceRecording-1	TestImage	AffRaw	20191217_194825438	360			4	1	640	490	7	0	34	3.339648E-06	92.58092	99.56882	0.0003149158	0.02143596	0	98.03366	147.7595	-6.413191	2.454316	4.914115	0.0409047	5.606358E-10	1.220599E-08	1.234563E-07	0.002816217	0.01742703	83.60838	0.005182371	0.004387131	0.0794311	0.0004864859	5.786089E-06	1.916255	0.0004055827	81.41804	3.059704	0.1924541	2.34986E-05	0.006268832	96.9417	0.002005812	0.001111224	1.89577						
CKbyEmotion	20191217	S081-surprise	0	MALE	FaceRecording-1	TestImage	AffRaw	20191217_194825478	400			4	1	640	490	8	0	34	3.914034E-06	99.728	99.87571	0.0003353486	0.01871298	0	97.66922	147.9964	-3.421753	3.323086	5.706749	0.05498475	1.315245E-09	6.967853E-09	2.731116E-07	0.002722248	0.01351098	93.91861	0.007938725	0.008036026	0.1984151	0.0003692286	3.1662E-06	2.303009	0.0003870032	90.3864	2.522671	0.1925678	2.02299E-05	0.004826935	99.39454	0.001784027	0.0008755793	8.075235						
CKbyEmotion	20191217	S081-surprise	0	MALE	FaceRecording-1	TestImage	AffRaw	20191217_194825518	440			4	1	640	490	9	0	34	7.229198E-06	99.96145	99.89998	0.0003152313	0.02819626	0	95.28671	146.5456	-3.272976	6.967474	3.989625	0.0748906	1.505591E-09	2.24682E-08	1.741705E-06	0.004275	0.01261193	96.72963	0.01171473	0.01511558	0.2842419	0.0003690959	2.83282E-06	2.419846	0.0004048246	93.30644	1.570251	0.1925757	3.66567E-05	0.003792218	99.76669	0.001823825	0.000789128	23.46338						
CKbyEmotion	20191217	S081-surprise	0	MALE	FaceRecording-1	TestImage	AffRaw	20191217_194825558	480			4	1	640	490	10	0	34	1.076948E-05	99.97819	99.90363	0.0004109091	0.04063017	0	95.95305	146.6022	-3.486845	6.170518	4.687093	0.09901135	1.359475E-09	6.407605E-08	9.090616E-06	0.007580082	0.01071918	97.23435	0.02486871	0.02194943	0.5521541	0.000369459	2.77858E-06	2.440199	0.0004091647	95.79755	0.7205956	0.1925361	6.654529E-05	0.002276625	99.85216	0.001918788	0.0004962081	47.31517						
CKbyEmotion	20191217	S081-surprise	0	MALE	FaceRecording-1	TestImage	AffRaw	20191217_194825598	520			4	1	640	490	11	0	34	1.046357E-05	99.98811	99.91424	0.0004248589	0.05009868	0	96.95969	145.45	-3.73395	4.688322	5.081031	0.1054186	1.119318E-08	9.623744E-08	2.666214E-05	0.01209843	0.0080237	98.85967	0.03961681	0.02705989	1.078588	0.0003698788	2.62616E-06	2.5096	0.0004219529	97.68954	0.2783719	0.1925039	8.195691E-05	0.001552208	99.90492	0.001735877	0.0004182099	76.11468						
CKbyEmotion	20191217	S081-surprise	0	MALE	FaceRecording-1	TestImage	AffRaw	20191217_194825638	560			4	1	640	490	12	0	34	1.19303E-05	99.99471	99.91795	0.0005071815	0.06696079	0	97.71309	147.1198	-3.664569	3.225849	4.893721	0.1070296	1.965779E-08	1.498994E-07	4.7202E-05	0.02575041	0.005926492	99.47396	0.06503849	0.02701182	1.631528	0.0003702215	2.567087E-06	2.533	0.0004277785	98.15655	0.195105	0.1922601	0.0001130938	0.001367779	99.93205	0.001637252	0.0004016566	86.84413						
CKbyEmotion	20191217	S081-surprise	0	MALE	FaceRecording-1	TestImage	AffRaw	20191217_194825678	600			4	1	640	490	13	0	34	8.665627E-06	99.99552	99.92022	0.0006303805	0.07230569	0	98.63261	146.2978	-4.363658	0.6075105	5.00651	0.07921609	9.292966E-09	3.964772E-07	0.0001165927	0.06127123	0.00741385	99.86469	0.1497064	0.03372212	3.395714	0.0003726817	2.522895E-06	2.544915	0.0004311936	98.42121	0.1530835	0.19232	0.0001242527	0.0009967845	99.97689	0.001364849	0.0004156533	94.24244						
CKbyEmotion	20191217	S081-surprise	0	MALE	FaceRecording-1	TestImage	AffRaw	20191217_194825718	640			4	1	640	490	14	0	34	7.689954E-06	99.99839	99.92081	0.0007069919	0.0820453	0	98.76858	149.9711	-3.878718	0.07696906	2.678111	0.05461781	4.153923E-09	2.261819E-06	0.0005027779	0.1377814	0.006102707	99.96632	0.3409509	0.03410557	5.749576	0.0003767056	2.504012E-06	2.538335	0.0004326398	98.48664	0.143124	0.1921876	0.0001385346	0.0006131999	99.99224	0.001098128	0.0004005717	96.27497						
CKbyEmotion	20191217	S081-surprise	0	MALE	FaceRecording-1	TestImage	AffRaw	20191217_194825758	680			4	1	640	490	15	0	34	1.087971E-05	99.99884	99.92094	0.0007810397	0.09421837	0	98.69508	150.9497	-3.068607	-0.3705308	2.786205	0.053322	1.061026E-09	1.206048E-05	0.001634684	0.09222944	0.004092337	99.98913	0.4581867	0.03213508	15.10272	0.0003770906	2.501363E-06	2.542848	0.0004336758	98.53957	0.1348668	0.1919725	0.0001779505	0.0003847517	99.9977	0.0009167906	0.0003557881	98.05102						
CKbyEmotion	20191217	S081-surprise	0	MALE	FaceRecording-1	TestImage	AffRaw	20191217_194825798	720			4	1	640	490	16	0	34	2.011873E-05	99.99866	99.92097	0.0007850318	0.08881899	0	98.3709	149.5555	-8.302064	-1.496426	2.89707	0.04684662	1.257844E-09	2.539622E-05	0.003155308	0.01187501	0.001151992	99.99419	0.5033314	0.01551221	22.07593	0.000376381	2.504141E-06	2.553444	0.0004333352	98.53966	0.1349069	0.1917119	0.0002102601	0.0001232131	99.99903	0.0009533874	0.0003034724	98.05378						
CKbyEmotion	20191217	S081-surprise	0	MALE	FaceRecording-1	TestImage	AffRaw	20191217_194825838	760			4	1	640	490	17	0	34	2.385447E-05	99.99943	99.92099	0.0009819703	0.07236625	0	98.48073	149.012	-14.14152	-1.141841	1.404894	0.0715334	3.36838E-09	9.518801E-06	0.001634157	0.006719149	0.001709433	99.99731	0.723082	0.01256267	41.61344	0.0003791445	2.510884E-06	2.556073	0.0004321833	98.54465	0.13447	0.1918881	0.0001824935	9.81839E-05	99.9994	0.001305079	0.0002300908	98.19672						
CKbyEmotion	20191217	S081-surprise	0	MALE	FaceRecording-1	TestImage	AffRaw	20191217_194825878	800			4	1	640	490	18	0	34	3.682699E-05	99.99968	99.921	0.001158287	0.06125228	0	97.5451	149.8178	-10.17616	-3.588844	1.248336	0.08829154	1.994869E-09	1.700132E-05	0.002733345	0.001956417	0.0006563963	99.99758	1.338074	0.008155264	47.34296	0.000386974	2.515755E-06	2.55842	0.0004313964	98.53608	0.1360303	0.1919581	0.0001737351	3.172149E-05	99.99962	0.001591159	0.000186294	97.88101						
