#Study : ck_happy
#Date : 20201109 13:28:55
#Version : 7.2.17995.2
#TestRunDate : 20201109 13:22:13.056 (+02:00)

StudyName	ExportDate	Name	Age	Gender	StimulusName	SlideType	EventSource	Timestamp	MediaTime	PostMarker	Annotation	version	Number of faces	width	height	FrameIndex	faceid	#classifiers	Brow Furrow	Brow Raise	Engagement	Lip Corner Depressor	Smile	Valence	Attention	Interocular Distance	Pitch	Yaw	Roll	InnerBrowRaise	EyeClosure	NoseWrinkle	UpperLipRaise	LipSuck	LipPress	MouthOpen	ChinRaise	Smirk	LipPucker	Anger	Sadness	Disgust	Joy	Surprise	Fear	Contempt	Cheek Raise	Dimpler	Eye Widen	Lid Tighten	Lip Stretch	Jaw Drop	LiveMarker	KeyStroke	MarkerText	SceneType	SceneOutput	SceneParent
ck_happy	20201109	S070-happy	0	MALE	FaceRecording-1	TestImage	AffRaw	20201109_132213136	80			4	1	640	490	0	0	34	0.004348199	94.01767	98.2093	0.0002491616	6.396976	0	98.40459	137.2452	-0.3137839	1.390232	2.672038	53.86471	6.404174E-11	0.001131867	0.01114478	0.0006726457	0.02072083	62.04523	0.01127339	5.450829	0.1182333	7.540195E-06	0.001769118	0.8624122	0.0007419108	81.67879	0.01817245	0.212779	1.468833	0.009762581	40.64907	0.007572944	0.003401204	0.4598266						
ck_happy	20201109	S070-happy	0	MALE	FaceRecording-1	TestImage	AffRaw	20201109_132213176	120			4	1	640	490	1	0	34	0.003512574	51.68158	59.5884	0.0008802612	10.86434	0	98.1964	140.4696	-3.688019	2.014085	2.235987	53.36588	3.521978E-11	0.00431749	0.02461549	0.0005147554	0.01905759	53.75523	0.008702667	4.45973	0.1331262	3.621268E-05	0.007404114	0.555864	0.005297971	27.66428	0.01503314	0.1370904	2.921691	0.00954131	27.8099	0.005652342	0.002556234	0.7829264						
ck_happy	20201109	S070-happy	0	MALE	FaceRecording-1	TestImage	AffRaw	20201109_132213216	160			4	1	640	490	2	0	34	0.003741907	30.18187	18.65609	0.0008910077	12.36566	0	98.02619	140.2585	-4.610124	2.473655	2.274937	47.65745	1.715755E-11	0.006783568	0.03609431	0.000570139	0.01837506	49.20294	0.008136028	3.509726	0.2079914	0.0001164999	0.01031626	0.4645588	0.01260084	9.09382	0.01753644	0.1107606	3.649769	0.009872789	24.1169	0.004823282	0.00229901	0.7253299						
ck_happy	20201109	S070-happy	0	MALE	FaceRecording-1	TestImage	AffRaw	20201109_132213256	200			4	1	640	490	3	0	34	0.006532402	16.72183	3.906787	0.000562958	12.17035	0	97.69402	142.6366	-4.062284	3.268342	1.61746	35.2652	1.170054E-08	0.01024002	0.03958987	0.0004832223	0.02023803	38.44172	0.006294002	2.642047	0.2239387	0.0002897953	0.01359224	0.3873926	0.01558711	2.647323	0.006887457	0.1025103	4.402636	0.01228549	12.31011	0.006715767	0.002325223	1.003047						
ck_happy	20201109	S070-happy	0	MALE	FaceRecording-1	TestImage	AffRaw	20201109_132213296	240			4	1	640	490	4	0	34	0.001703511	2.915512	1.265105	0.0003604805	16.2191	7.164011	97.97645	147.1505	-6.08486	2.600631	3.513728	18.24493	4.518536	0.001851361	0.005565241	0.0005366311	0.0240683	36.08252	0.004784116	1.363652	0.4923917	0.0008878125	0.004932923	0.2844822	0.04550994	0.9190385	0.006865824	0.06607248	4.076248	0.01632681	13.28268	0.007224869	0.001768448	1.208676						
ck_happy	20201109	S070-happy	0	MALE	FaceRecording-1	TestImage	AffRaw	20201109_132213336	280			4	1	640	490	5	0	34	0.0009765324	0.863754	1.621537	0.0002318019	21.26187	15.42432	97.8504	146.4929	-6.109817	2.909226	3.137414	9.230472	99.99786	0.0006678416	0.001268183	0.0004237542	0.0321977	36.24071	0.003464777	1.36454	0.5697316	0.001039118	0.002675315	0.2052488	0.1113329	0.6456876	0.001932275	0.04527855	4.200217	0.01975194	4.899699	0.005046403	0.002388184	1.555748						
ck_happy	20201109	S070-happy	0	MALE	FaceRecording-1	TestImage	AffRaw	20201109_132213376	320			4	1	640	490	6	0	34	0.0004165079	0.1978975	6.874017	0.0001869224	31.75657	27.91813	97.40326	146.8735	-5.681528	3.876995	2.705537	6.467759	99.99726	0.0002236662	0.0002577754	0.0003185043	0.03271118	33.74655	0.002961705	1.231642	0.3931112	0.0005528371	0.001314224	0.09886996	0.6026812	0.5452248	0.0007489636	0.02032496	5.374435	0.01925254	2.701967	0.005594934	0.003982079	1.691556						
ck_happy	20201109	S070-happy	0	MALE	FaceRecording-1	TestImage	AffRaw	20201109_132213416	360			4	1	640	490	7	0	34	0.0003162235	0.1667343	19.2688	0.0002003735	39.97153	36.74954	97.63284	148.7386	-4.204947	3.402377	1.71437	7.52977	91.92979	0.0001090121	5.722193E-05	0.0002242533	0.03969343	31.63948	0.002848951	1.187478	0.1976431	0.0002856651	0.000807846	0.05568307	2.19132	0.5397487	0.0005635215	0.01092579	6.480273	0.02191963	5.121873	0.009581491	0.01144929	1.62358						
ck_happy	20201109	S070-happy	0	MALE	FaceRecording-1	TestImage	AffRaw	20201109_132213456	400			4	1	640	490	8	0	34	0.0002223241	0.1187521	69.37339	0.000269809	55.72343	54.72378	98.32418	144.177	-4.685711	1.640172	1.191092	7.798223	0.000286076	2.833159E-05	6.05016E-06	0.0002221677	0.04140086	29.88261	0.003733054	0.9976484	0.08512525	9.347284E-05	0.0003155294	0.01923881	22.24767	0.5099886	0.0001820237	0.003285895	9.722901	0.01798719	4.150582	0.01143923	0.03228515	1.30581						
ck_happy	20201109	S070-happy	0	MALE	FaceRecording-1	TestImage	AffRaw	20201109_132213496	440			4	1	640	490	9	0	34	0.0001897422	0.06996138	94.56152	0.00034207	69.99024	71.20593	97.97251	143.9983	-5.165088	2.610548	1.350217	10.32239	9.447662E-10	1.037213E-05	7.164501E-07	0.0003253182	0.07737476	32.83644	0.006533629	1.0567	0.03195209	3.596649E-05	0.0001335638	0.00797526	75.74192	0.5707436	6.938235E-05	0.001134194	14.87612	0.02382356	3.520227	0.01280818	0.1088884	1.184538						
ck_happy	20201109	S070-happy	0	MALE	FaceRecording-1	TestImage	AffRaw	20201109_132213536	480			4	1	640	490	10	0	34	0.0001272053	0.03630451	98.89288	0.0004142144	81.44587	85.65666	97.63667	142.7017	-4.542922	3.394084	0.4828472	12.23951	5.392461E-12	2.327887E-06	6.132691E-08	0.0003916838	0.1278606	40.48173	0.01090638	0.8581571	0.0123649	1.999948E-05	5.489749E-05	0.004325943	95.90366	0.7124046	3.361499E-05	0.0004703219	21.81988	0.02509671	3.471153	0.01315832	0.2660594	0.9758846						
ck_happy	20201109	S070-happy	0	MALE	FaceRecording-1	TestImage	AffRaw	20201109_132213576	520			4	1	640	490	11	0	34	8.181962E-05	0.02489138	99.67323	0.0004366551	90.04283	95.25449	97.91071	142.4676	-5.003411	2.76383	0.6354499	14.75307	2.507307E-12	1.346473E-06	1.076873E-08	0.0006272375	0.1594343	48.43955	0.01833134	0.6930354	0.007053063	1.324705E-05	2.82037E-05	0.002847392	99.1032	0.9086003	1.969407E-05	0.0002425244	31.03349	0.02643104	3.319567	0.01410057	0.5942055	0.8810897						
ck_happy	20201109	S070-happy	0	MALE	FaceRecording-1	TestImage	AffRaw	20201109_132213616	560			4	1	640	490	12	0	34	6.280177E-05	0.01904943	99.82159	0.0004533748	94.28978	94.78981	97.44843	141.7968	-5.077828	3.786942	0.7605461	16.14295	1.158809E-12	8.525241E-07	2.776181E-09	0.0009774511	0.2226974	57.75268	0.02699328	0.4906899	0.003837379	1.285248E-05	1.68382E-05	0.002553727	99.62023	1.179316	1.600712E-05	0.0001726182	40.53141	0.02230934	3.738943	0.01501297	0.9490069	0.8306853						
ck_happy	20201109	S070-happy	0	MALE	FaceRecording-1	TestImage	AffRaw	20201109_132213656	600			4	1	640	490	13	0	34	5.524127E-05	0.01090759	99.8688	0.0005024669	96.4443	95.4466	97.11063	141.9928	-4.161447	4.425938	0.5967481	13.87292	3.585827E-13	1.025037E-06	1.278108E-09	0.001349025	0.416153	61.96717	0.03638153	0.3321566	0.002901734	1.408971E-05	1.099499E-05	0.002393791	99.75249	1.249626	1.301046E-05	0.0001444089	50.08129	0.02464821	3.37089	0.01557765	1.561065	0.9680126						
ck_happy	20201109	S070-happy	0	MALE	FaceRecording-1	TestImage	AffRaw	20201109_132213696	640			4	1	640	490	14	0	34	4.409724E-05	0.008212762	99.89375	0.0005056746	97.9223	96.18769	97.30833	141.3155	-5.309392	4.06137	1.103416	11.30661	1.984577E-13	5.26795E-07	2.649469E-10	0.002390143	0.6335174	70.62608	0.05230605	0.2317399	0.001789285	1.896881E-05	6.215244E-06	0.002543374	99.83385	1.475008	1.180557E-05	0.0001278848	59.37429	0.02711629	3.629164	0.01913833	2.323273	0.9934838						
ck_happy	20201109	S070-happy	0	MALE	FaceRecording-1	TestImage	AffRaw	20201109_132213736	680			4	1	640	490	15	0	34	3.327169E-05	0.007250039	99.90562	0.0005329935	98.75316	96.52512	97.30594	140.2833	-4.699233	4.065946	1.017037	10.11982	1.390981E-13	2.886511E-07	7.326529E-11	0.00405548	0.734961	80.42816	0.0741531	0.1625767	0.00184485	2.61466E-05	3.89725E-06	0.002878203	99.8786	1.838601	1.139832E-05	0.0001192792	67.1247	0.02946244	3.742964	0.02064207	3.578162	1.075064						
ck_happy	20201109	S070-happy	0	MALE	FaceRecording-1	TestImage	AffRaw	20201109_132213776	720			4	1	640	490	16	0	34	2.407171E-05	0.005542372	99.9111	0.0005722471	99.17142	96.47712	96.69445	140.125	-4.813567	5.120239	0.3535016	10.12034	2.240591E-13	1.028099E-07	1.754099E-11	0.007720609	0.8476382	89.33758	0.1082656	0.1244947	0.001361169	3.422471E-05	2.724832E-06	0.003292045	99.90357	2.306611	1.247321E-05	0.0001151287	73.11338	0.0300175	4.677126	0.02185625	4.529048	1.052605						
