#Study : CKbyEmotion
#Date : 20191217 16:25:44
#Version : 7.2.15327.0
#TestRunDate : 20191217 16:17:20.029 (+02:00)

StudyName	ExportDate	Name	Age	Gender	StimulusName	SlideType	EventSource	Timestamp	MediaTime	PostMarker	Annotation	version	Number of faces	width	height	FrameIndex	faceid	#classifiers	Brow Furrow	Brow Raise	Engagement	Lip Corner Depressor	Smile	Valence	Attention	Interocular Distance	Pitch	Yaw	Roll	InnerBrowRaise	EyeClosure	NoseWrinkle	UpperLipRaise	LipSuck	LipPress	MouthOpen	ChinRaise	Smirk	LipPucker	Anger	Sadness	Disgust	Joy	Surprise	Fear	Contempt	Cheek Raise	Dimpler	Eye Widen	Lid Tighten	Lip Stretch	Jaw Drop	LiveMarker	KeyStroke	MarkerText	SceneType	SceneOutput	SceneParent
CKbyEmotion	20191217	S010-anger	0	MALE	FaceRecording-1	TestImage	AffRaw	20191217_161720109	80			4	1	640	490	0	0	34	0.003425118	5.012713E-08	0.08166077	0.0001214577	0.2332551	0	98.42078	166.9864	-8.191714	1.338371	-3.284204	0.4152782	9.275695E-10	9.874723E-05	6.95249E-06	0.0002889277	0.005276054	0.01097982	0.0008365204	0.0001450657	0.00637379	0.002504067	0.01861427	0.4195938	0.001900201	0.2108515	0.01001077	0.1893535	0.007364638	0.0007100467	8.022427	0.2570815	0.0004252334	0.08701597						
CKbyEmotion	20191217	S010-anger	0	MALE	FaceRecording-1	TestImage	AffRaw	20191217_161720149	120			4	1	640	490	1	0	34	0.004276244	3.068421E-08	0.0830684	0.0001563542	0.352989	0	98.49045	168.7794	-8.347953	1.109245	-2.560676	1.043062	1.727394E-09	8.846262E-05	4.581907E-06	0.0004006473	0.008721768	0.009886599	0.0008279693	0.0002761515	0.01647452	0.002363409	0.01982231	0.4164149	0.001937652	0.2116195	0.009202539	0.1876695	0.009992507	0.003101061	7.153021	0.4238978	0.0007943491	0.08002289						
CKbyEmotion	20191217	S010-anger	0	MALE	FaceRecording-1	TestImage	AffRaw	20191217_161720189	160			4	1	640	490	2	0	34	0.00562618	3.148216E-08	0.08282958	0.0003110983	0.3328172	0	98.58659	170.0643	-8.191724	0.7753468	-3.772928	1.250081	2.405506E-09	7.474919E-05	3.288568E-06	0.0005999019	0.008716521	0.01082185	0.0007347212	0.0003570489	0.0225071	0.002539656	0.01862817	0.4170218	0.001931129	0.2174023	0.01166777	0.1879594	0.008714235	0.002775438	9.47386	0.4661991	0.0007318149	0.06635965						
CKbyEmotion	20191217	S010-anger	0	MALE	FaceRecording-1	TestImage	AffRaw	20191217_161720229	200			4	1	640	490	3	0	34	0.006351728	3.084246E-08	0.08154526	0.0003379845	0.2233409	0	98.77493	168.5509	-9.353019	0.05077377	-3.10781	1.446011	2.084628E-09	6.777466E-05	2.524031E-06	0.0006485512	0.009043195	0.006571238	0.00081837	0.0003875366	0.02346035	0.002314433	0.02088231	0.4199268	0.001896605	0.2122598	0.00889754	0.1895094	0.005787607	0.004808077	6.662898	0.5768412	0.001123558	0.08389045						
CKbyEmotion	20191217	S010-anger	0	MALE	FaceRecording-1	TestImage	AffRaw	20191217_161720269	240			4	1	640	490	4	0	34	0.009324973	1.449975E-08	0.08020549	0.0002312018	0.1072828	0	98.25389	167.717	-8.850536	1.849174	-2.900872	1.544354	7.77915E-09	2.818515E-05	7.077656E-07	0.0004721587	0.008104064	0.006368918	0.00071377	0.0006453278	0.0179357	0.002107941	0.02337266	0.4231939	0.001860559	0.2065175	0.006689439	0.1911788	0.001974631	0.003544923	3.718393	0.9906614	0.00126679	0.09280961						
CKbyEmotion	20191217	S010-anger	0	MALE	FaceRecording-1	TestImage	AffRaw	20191217_161720309	280			4	1	640	490	5	0	34	0.0180452	1.023522E-08	0.07988784	0.0001975682	0.07948138	0	98.70286	170.0862	-9.789444	0.3402272	-3.540414	1.601091	7.940516E-08	2.77558E-05	5.233928E-07	0.0006456815	0.009727046	0.007814083	0.0008669075	0.001229403	0.02448089	0.002028788	0.02445278	0.4241102	0.001851105	0.2042476	0.005970078	0.1916202	0.001164077	0.008232317	2.549088	1.669935	0.001824206	0.09134698						
CKbyEmotion	20191217	S010-anger	0	MALE	FaceRecording-1	TestImage	AffRaw	20191217_161720349	320			4	1	640	490	6	0	34	0.05573646	3.834416E-09	0.07947637	0.0001465868	0.04330379	0	98.72984	170.705	-10.01035	0.2337443	-2.641674	1.448458	1.405805E-06	2.965169E-05	3.823487E-07	0.0008369769	0.01441778	0.007817796	0.001183589	0.002059981	0.0212543	0.002149208	0.02488331	0.4252303	0.001835646	0.2018169	0.005586489	0.1922924	0.0005982171	0.01318729	1.87476	2.877251	0.001700255	0.0944001						
CKbyEmotion	20191217	S010-anger	0	MALE	FaceRecording-1	TestImage	AffRaw	20191217_161720389	360			4	1	640	490	7	0	34	0.1659495	2.028105E-09	0.08005858	0.0001145465	0.02734504	0	98.72536	169.032	-10.64751	0.2516042	-2.533654	1.070644	2.632436E-05	2.028064E-05	1.210477E-07	0.001013699	0.0229262	0.006962434	0.001858155	0.001945171	0.02229682	0.002587604	0.02498609	0.4263418	0.00181767	0.1977613	0.005252565	0.1929173	0.0003125453	0.02387993	1.27185	6.070751	0.002061974	0.08831367						
CKbyEmotion	20191217	S010-anger	0	MALE	FaceRecording-1	TestImage	AffRaw	20191217_161720429	400			4	1	640	490	8	0	34	0.6345127	2.189958E-09	0.0828503	9.170006E-05	0.02131075	0	98.42366	167.6811	-9.859569	1.329118	-1.578786	0.8844943	0.0002033952	2.732429E-05	8.753581E-08	0.001775388	0.03462799	0.007691531	0.002815556	0.002324754	0.02558071	0.003596178	0.02589747	0.427431	0.001761053	0.1908118	0.005119619	0.1947121	0.0002515756	0.02843249	0.8838495	11.70915	0.002197704	0.08111823						
CKbyEmotion	20191217	S010-anger	0	MALE	FaceRecording-1	TestImage	AffRaw	20191217_161720469	440			4	1	640	490	9	0	34	1.874117	2.007909E-09	0.09074369	8.838165E-05	0.01745322	0	98.67636	169.2903	-9.548223	0.4426754	-2.291562	0.7036414	0.00360055	4.34229E-05	7.845821E-08	0.004284101	0.07018125	0.009179278	0.004844459	0.002932241	0.03588322	0.00674704	0.02837586	0.4302533	0.001622829	0.1759418	0.005149664	0.1993521	0.0002158626	0.04097858	0.5558756	22.07157	0.002435815	0.07872409						
CKbyEmotion	20191217	S010-anger	0	MALE	FaceRecording-1	TestImage	AffRaw	20191217_161720509	480			4	1	640	490	10	0	34	5.115513	1.972663E-09	0.1147981	6.446544E-05	0.01362573	0	98.61247	168.1309	-9.921242	0.6816193	-2.231096	0.6186089	0.01841512	9.204342E-05	9.767616E-08	0.006998247	0.1240595	0.01102455	0.006657277	0.003158623	0.03488368	0.01509664	0.03626829	0.4347382	0.001311823	0.1442966	0.005579557	0.211883	0.0002011285	0.03276168	0.2919479	32.70107	0.001910631	0.08762509						
CKbyEmotion	20191217	S010-anger	0	MALE	FaceRecording-1	TestImage	AffRaw	20191217_161720549	520			4	1	640	490	11	0	34	15.61427	2.003625E-09	0.2435778	6.955906E-05	0.009769304	0	98.39796	169.237	-10.68315	1.411292	-2.563505	0.5044988	0.009900156	0.0003900969	2.799383E-07	0.01274498	0.1750178	0.01542457	0.01034446	0.003668893	0.03614929	0.06767768	0.07935835	0.4418557	0.0006594702	0.07663414	0.007799068	0.2579504	0.0001663065	0.03919852	0.1570648	45.11619	0.001683973	0.08469659						
CKbyEmotion	20191217	S010-anger	0	MALE	FaceRecording-1	TestImage	AffRaw	20191217_161720589	560			4	1	640	490	12	0	34	32.83116	2.132937E-09	0.8339027	7.592378E-05	0.007305163	0	98.71433	168.5633	-11.90884	0.2952394	-2.715144	0.4514702	0.01623516	0.001034709	5.012161E-07	0.0198191	0.2707554	0.01729283	0.0132989	0.003926928	0.03851599	0.4335053	0.2872516	0.4540121	0.0002136093	0.02724327	0.0137367	0.3559582	0.0001385293	0.0369422	0.08663218	53.58895	0.001446498	0.08474656						
CKbyEmotion	20191217	S010-anger	0	MALE	FaceRecording-1	TestImage	AffRaw	20191217_161720629	600			4	1	640	490	13	0	34	58.73394	2.122292E-09	5.088511	8.879428E-05	0.005216863	-5.813446	98.59133	167.0397	-10.66119	0.7583175	-2.646687	0.4741751	0.03826779	0.003782881	1.46664E-06	0.04218543	0.3026186	0.02070839	0.02254226	0.00431275	0.04095983	10.20233	1.975078	0.4666549	3.91898E-05	0.005759895	0.03241276	0.5773586	0.0001235135	0.06307756	0.03467503	75.66619	0.001284194	0.08700884						
CKbyEmotion	20191217	S010-anger	0	MALE	FaceRecording-1	TestImage	AffRaw	20191217_161720669	640			4	1	640	490	14	0	34	79.63554	1.867117E-09	19.3234	0.0001075242	0.003744085	-13.02261	98.50414	167.7505	-11.86302	1.062997	-3.016147	0.3906974	0.02796441	0.01527037	5.287905E-06	0.08379646	0.3566153	0.02307649	0.03931271	0.00482832	0.03905933	55.53697	8.75904	0.491331	9.975313E-06	0.001640368	0.06482586	0.852153	0.0001001388	0.07909653	0.0132172	88.70375	0.001140934	0.08104534						
CKbyEmotion	20191217	S010-anger	0	MALE	FaceRecording-1	TestImage	AffRaw	20191217_161720709	680			4	1	640	490	15	0	34	89.46505	1.923408E-09	32.67513	0.0001094496	0.003169667	-16.44002	98.59283	169.0513	-13.04528	0.7529356	-3.097675	0.3086212	0.01154532	0.03350878	1.126556E-05	0.147808	0.414127	0.02682155	0.07128338	0.005037506	0.04049071	79.14015	16.61009	0.5340378	5.241992E-06	0.0009080475	0.08974189	1.022914	9.1595E-05	0.1314767	0.005080202	94.46963	0.001131291	0.08175577						
CKbyEmotion	20191217	S010-anger	0	MALE	FaceRecording-1	TestImage	AffRaw	20191217_161720749	720			4	1	640	490	16	0	34	94.48511	1.692378E-09	41.23818	0.0001172604	0.002720898	-18.27409	98.73425	167.904	-12.50753	-0.2161712	-3.896695	0.2473524	0.01025947	0.08619168	2.63375E-05	0.2444311	0.5570984	0.03595856	0.1146024	0.005130829	0.0376097	87.16588	22.35196	0.5625043	3.774277E-06	0.0006711956	0.1059387	1.122789	9.238499E-05	0.1580231	0.00232462	97.69135	0.001081171	0.08122443						
CKbyEmotion	20191217	S010-anger	0	MALE	FaceRecording-1	TestImage	AffRaw	20191217_161720789	760			4	1	640	490	17	0	34	96.87254	1.611131E-09	45.83076	0.000128821	0.002598968	-19.32265	98.77492	167.0598	-12.63238	0.05082305	-3.109989	0.2107591	0.007953713	0.1271294	3.749229E-05	0.5298994	0.7872475	0.05538669	0.2272787	0.005512148	0.0381599	89.74745	25.39127	0.6140848	3.229326E-06	0.0005813951	0.1146475	1.173646	9.19207E-05	0.2315864	0.001257824	98.74403	0.00112223	0.0747864						
CKbyEmotion	20191217	S010-anger	0	MALE	FaceRecording-1	TestImage	AffRaw	20191217_161720829	800			4	1	640	490	18	0	34	98.0091	1.713458E-09	48.15562	0.0001427081	0.002402983	-19.82845	98.55151	168.8628	-11.41971	0.8997072	-1.896773	0.1710115	0.01999765	0.1725941	5.27312E-05	0.9575742	0.5551149	0.06464543	0.3286141	0.005497785	0.03541285	90.84542	26.91781	0.6678455	2.998219E-06	0.0005427714	0.1189818	1.198638	8.8273E-05	0.1878243	0.0007499342	99.31887	0.001102702	0.07574582						
