#Study : ck_happy
#Date : 20201109 13:28:55
#Version : 7.2.17995.2
#TestRunDate : 20201109 13:22:12.764 (+02:00)

StudyName	ExportDate	Name	Age	Gender	StimulusName	SlideType	EventSource	Timestamp	MediaTime	PostMarker	Annotation	version	Number of faces	width	height	FrameIndex	faceid	#classifiers	Brow Furrow	Brow Raise	Engagement	Lip Corner Depressor	Smile	Valence	Attention	Interocular Distance	Pitch	Yaw	Roll	InnerBrowRaise	EyeClosure	NoseWrinkle	UpperLipRaise	LipSuck	LipPress	MouthOpen	ChinRaise	Smirk	LipPucker	Anger	Sadness	Disgust	Joy	Surprise	Fear	Contempt	Cheek Raise	Dimpler	Eye Widen	Lid Tighten	Lip Stretch	Jaw Drop	LiveMarker	KeyStroke	MarkerText	SceneType	SceneOutput	SceneParent
ck_happy	20201109	S067-happy	0	MALE	FaceRecording-1	TestImage	AffRaw	20201109_132212844	80			4	1	640	490	0	0	34	0.04617641	1.936973E-05	0.08528713	0.00037822	0.004524289	0	96.47925	152.7613	-0.7007204	5.446733	-3.774469	0.01066356	7.195669E-15	0.0005315281	0.0002552957	0.01092012	0.005109626	1.029143	0.0002185738	1.030938E-05	0.01712835	0.05547788	0.0008316777	0.4335477	0.001859383	0.5355038	49.92096	0.1927749	5.512376E-05	0.001485815	99.99609	0.001703056	0.0007209876	0.1259261						
ck_happy	20201109	S067-happy	0	MALE	FaceRecording-1	TestImage	AffRaw	20201109_132212884	120			4	1	640	490	1	0	34	0.0540321	5.91276E-06	0.08196177	0.0016289	0.002752839	0	96.15421	151.702	1.634565	5.905141	-5.316668	0.0132084	6.329381E-15	0.0002543515	5.924997E-05	0.03422641	0.01591718	0.4640276	0.0003927951	2.132672E-05	0.02622969	0.05558094	0.0008477833	0.4289446	0.001838897	0.5276221	49.94593	0.192829	2.240403E-05	0.01661539	99.99602	0.001770431	0.001104292	0.1080833						
ck_happy	20201109	S067-happy	0	MALE	FaceRecording-1	TestImage	AffRaw	20201109_132212924	160			4	1	640	490	2	0	34	0.04162712	4.072545E-06	0.08104233	0.001699899	0.003500369	0	96.96358	150.6053	-0.09157234	4.681697	-4.530219	0.01747057	2.459052E-14	0.0003144474	7.615686E-05	0.04649172	0.01972881	0.3183647	0.0004363529	3.635747E-05	0.03207044	0.05554967	0.0008510503	0.4286706	0.001835749	0.5261382	49.94115	0.1927738	3.002629E-05	0.02037984	99.99743	0.002277561	0.001293964	0.1063958						
ck_happy	20201109	S067-happy	0	MALE	FaceRecording-1	TestImage	AffRaw	20201109_132212964	200			4	1	640	490	3	0	34	0.05009312	4.388102E-06	0.08103754	0.0005555627	0.006655341	0	96.57887	151.2386	-0.4781602	5.298046	-5.015646	0.01467066	3.403887E-14	0.0006920202	0.0001630833	0.03278039	0.01804074	0.3090734	0.0003252267	6.505476E-05	0.03815581	0.05554217	0.0008517397	0.4279889	0.001835369	0.5260608	49.91247	0.1927594	6.883946E-05	0.02449992	99.99642	0.002368863	0.001564092	0.1393314						
ck_happy	20201109	S067-happy	0	MALE	FaceRecording-1	TestImage	AffRaw	20201109_132213004	240			4	1	640	490	4	0	34	0.03387501	5.142369E-06	0.08091126	0.0003502006	0.01184362	0	96.84335	151.5957	-0.2129685	4.882075	-5.688361	0.01648957	2.29069E-14	0.0008877651	0.0002700793	0.03569203	0.01384128	0.3034417	0.0003403948	9.443892E-05	0.03189909	0.05545357	0.0008506747	0.4277632	0.00183869	0.5268489	49.8662	0.1926267	0.0001265475	0.01833026	99.99686	0.002362587	0.002061233	0.1709352						
ck_happy	20201109	S067-happy	0	MALE	FaceRecording-1	TestImage	AffRaw	20201109_132213044	280			4	1	640	490	5	0	34	0.04025278	3.786231E-06	0.08082026	0.0002940194	0.05382682	0	96.27357	151.6976	1.421433	5.741275	-5.032545	0.0208653	1.609399E-13	0.001775226	0.0004168926	0.03954557	0.01819217	0.2812978	0.0005671532	0.0001323897	0.04140283	0.05532989	0.0008494772	0.4266078	0.001849848	0.526657	49.7823	0.192046	0.0006100403	0.05489549	99.99623	0.002381248	0.003386455	0.1953675						
ck_happy	20201109	S067-happy	0	MALE	FaceRecording-1	TestImage	AffRaw	20201109_132213084	320			4	1	640	490	6	0	34	0.03867666	3.595454E-06	0.08152188	0.0001904563	0.1828096	0	96.82694	151.8284	-0.06472326	4.90886	-5.977119	0.01922717	1.166041E-13	0.002423098	0.0004815887	0.02975199	0.02733154	0.4039858	0.0009528593	0.0004188115	0.04104625	0.05482315	0.0008386283	0.423841	0.001893721	0.5284373	49.55148	0.1902009	0.002140088	0.1126647	99.99462	0.002473633	0.00618632	0.2093516						
ck_happy	20201109	S067-happy	0	MALE	FaceRecording-1	TestImage	AffRaw	20201109_132213124	360			4	1	640	490	7	0	34	0.02663534	4.609959E-06	0.08656712	0.0001510801	0.6420247	0	96.07499	151.3136	1.507963	6.011207	-6.11055	0.02056651	2.540026E-14	0.002781023	0.0004140083	0.02341001	0.03809121	1.049666	0.001743622	0.00192727	0.02971825	0.05309977	0.0007953217	0.4164273	0.002067239	0.53754	48.76848	0.1837614	0.006562897	0.2566164	99.99451	0.002352851	0.01190502	0.2233845						
ck_happy	20201109	S067-happy	0	MALE	FaceRecording-1	TestImage	AffRaw	20201109_132213164	400			4	1	640	490	8	0	34	0.02491266	7.414437E-06	0.1032995	0.0001422412	1.880187	0	96.69755	151.0259	2.376475	5.115379	-6.735456	0.0264976	5.22924E-14	0.005910813	0.0006860164	0.0207744	0.05804922	2.307013	0.003039703	0.0096433	0.01665189	0.04887154	0.0007022672	0.3932769	0.002590342	0.5543715	46.74065	0.1676243	0.01831597	0.4134423	99.99313	0.002348493	0.02323217	0.1913327						
ck_happy	20201109	S067-happy	0	MALE	FaceRecording-1	TestImage	AffRaw	20201109_132213204	440			4	1	640	490	9	0	34	0.012779	8.089664E-06	0.1854093	0.0001446707	5.980474	0.3291318	96.85858	147.2266	2.510936	4.857118	-5.637725	0.03077363	1.240965E-13	0.002931308	0.0002064064	0.03162885	0.2080758	4.109604	0.006143182	0.05021635	0.01122838	0.03716893	0.0005014735	0.311197	0.005239828	0.5799614	40.07666	0.1238073	0.04679298	1.187769	99.99377	0.002750045	0.06619989	0.1662793						
ck_happy	20201109	S067-happy	0	MALE	FaceRecording-1	TestImage	AffRaw	20201109_132213244	480			4	1	640	490	10	0	34	0.006703597	8.972412E-06	0.9778112	0.0001116504	17.67552	12.64202	97.21301	148.819	1.933993	4.240281	-6.213809	0.03461064	4.794322E-13	0.0007380563	2.399891E-05	0.03391103	0.5496946	7.046828	0.01095692	0.1267892	0.007232597	0.01704114	0.0002072775	0.1529275	0.03746859	0.623929	23.49865	0.05195296	0.1244314	1.635529	99.99331	0.00324523	0.1132933	0.1487729						
ck_happy	20201109	S067-happy	0	MALE	FaceRecording-1	TestImage	AffRaw	20201109_132213284	520			4	1	640	490	11	0	34	0.004605237	9.247854E-06	16.41248	0.0001149381	38.60503	34.45744	96.75136	148.2834	2.101802	5.030462	-5.920991	0.03864628	1.152566E-12	0.0002702097	3.069987E-06	0.0355112	1.883249	10.75968	0.02009611	0.2601215	0.006138608	0.004222901	4.438347E-05	0.04170901	1.216954	0.684103	7.098268	0.01096998	0.2941022	3.236976	99.993	0.003885341	0.25047	0.1314208						
ck_happy	20201109	S067-happy	0	MALE	FaceRecording-1	TestImage	AffRaw	20201109_132213324	560			4	1	640	490	12	0	34	0.003950771	1.148874E-05	77.58061	0.0001053434	58.68974	54.52554	96.6975	150.182	1.859949	5.115455	-4.864529	0.04162085	1.48241E-13	9.123295E-05	5.892189E-07	0.03218548	6.05233	17.81367	0.02796417	0.3100401	0.005470069	0.001106889	8.580007E-06	0.01276064	27.25567	0.8147401	1.972149	0.002445344	0.5747567	4.0728	99.99417	0.003941093	0.4008819	0.1122494						
ck_happy	20201109	S067-happy	0	MALE	FaceRecording-1	TestImage	AffRaw	20201109_132213364	600			4	1	640	490	13	0	34	0.003416075	1.182121E-05	97.14356	8.899962E-05	74.68629	69.10371	96.41972	150.1771	2.940376	5.53365	-5.750417	0.05654261	1.171453E-13	4.163262E-05	1.191019E-07	0.02855506	14.1753	29.9103	0.0612804	0.3269619	0.004769252	0.0003811861	1.725276E-06	0.005585924	86.48187	1.099562	0.6931984	0.0007380443	1.113012	12.67491	99.9948	0.004841688	0.7003215	0.1083241						
ck_happy	20201109	S067-happy	0	MALE	FaceRecording-1	TestImage	AffRaw	20201109_132213404	640			4	1	640	490	14	0	34	0.002891458	1.407542E-05	99.39449	8.289152E-05	85.70552	78.71778	97.40311	149.2857	1.460299	3.877291	-4.982367	0.0672079	2.035193E-12	2.397414E-05	3.47823E-08	0.02406929	21.73682	55.6283	0.1176862	0.3294941	0.003903096	0.0001830884	3.098056E-07	0.004349555	98.41199	2.07076	0.3359911	0.0003230563	1.971844	19.2485	99.99596	0.00595885	0.9387326	0.09161199						
ck_happy	20201109	S067-happy	0	MALE	FaceRecording-1	TestImage	AffRaw	20201109_132213444	680			4	1	640	490	15	0	34	0.002759015	1.557889E-05	99.71463	8.674754E-05	90.99387	83.67352	96.98569	151.3694	1.522246	4.644027	-4.692041	0.07373215	3.344732E-12	1.191276E-05	1.041694E-08	0.02037912	25.08996	78.21598	0.228331	0.2214776	0.00409664	0.0001291111	9.703571E-08	0.004660293	99.5516	3.585776	0.2392446	0.0002148031	3.046395	34.50607	99.99553	0.006648275	1.404081	0.08281837						
ck_happy	20201109	S067-happy	0	MALE	FaceRecording-1	TestImage	AffRaw	20201109_132213484	720			4	1	640	490	16	0	34	0.002278915	1.658733E-05	99.80685	7.461209E-05	93.73257	85.75787	95.80967	149.5712	1.347812	6.352079	-4.450061	0.08711004	3.23075E-13	1.49442E-05	9.287862E-09	0.01750747	29.36367	90.18847	0.4772826	0.2130627	0.003664597	0.0001083936	5.055624E-08	0.004846945	99.76909	4.777713	0.2007322	0.0001747604	4.518182	46.89094	99.9957	0.008212965	1.650118	0.07364404						
ck_happy	20201109	S067-happy	0	MALE	FaceRecording-1	TestImage	AffRaw	20201109_132213524	760			4	1	640	490	17	0	34	0.001961521	1.835703E-05	99.86102	7.429165E-05	96.0401	89.63998	97.00388	148.9287	0.7931151	4.612844	-3.688486	0.1024453	2.278064E-13	2.638619E-05	1.534011E-08	0.01532976	27.06751	96.47559	0.9146137	0.1344716	0.003593007	9.424298E-05	3.656058E-08	0.004693417	99.85869	5.54717	0.1758236	0.000145765	6.526652	66.92584	99.99608	0.009906597	2.478071	0.07024023						
ck_happy	20201109	S067-happy	0	MALE	FaceRecording-1	TestImage	AffRaw	20201109_132213564	800			4	1	640	490	18	0	34	0.001300304	1.868587E-05	99.88937	7.194334E-05	97.63876	92.28293	97.1405	148.6011	0.4602052	4.372447	-4.488514	0.09844707	3.442094E-13	1.451716E-05	8.28979E-09	0.01295333	22.87392	98.75864	1.296212	0.1078417	0.003174174	8.579686E-05	3.265202E-08	0.004427959	99.8956	5.853134	0.1586667	0.0001289281	9.218299	68.86478	99.99616	0.01214977	2.623578	0.0650833						
ck_happy	20201109	S067-happy	0	MALE	FaceRecording-1	TestImage	AffRaw	20201109_132213604	840			4	1	640	490	19	0	34	0.00126716	2.099308E-05	99.89941	7.298386E-05	98.30532	91.26122	96.70261	150.3	0.4918019	5.10746	-3.838127	0.1137592	4.339049E-13	1.695581E-05	8.740746E-09	0.01327361	25.48714	99.44659	1.882415	0.08735926	0.003464337	8.364752E-05	2.925267E-08	0.00432709	99.90754	5.949818	0.1550295	0.0001223744	11.9091	75.02893	99.99689	0.01509576	3.452057	0.05991934						
ck_happy	20201109	S067-happy	0	MALE	FaceRecording-1	TestImage	AffRaw	20201109_132213644	880			4	1	640	490	20	0	34	0.001103187	2.249578E-05	99.90385	6.671024E-05	98.62254	91.54554	96.70836	149.7007	0.131515	5.098424	-3.719916	0.124979	5.832729E-13	1.359295E-05	8.077458E-09	0.01645011	24.1147	99.62163	2.345948	0.0612296	0.003289039	8.315407E-05	2.915242E-08	0.004251026	99.91249	5.975255	0.1517954	0.0001191656	15.17082	75.10866	99.99715	0.01986587	3.439989	0.05610086						
ck_happy	20201109	S067-happy	0	MALE	FaceRecording-1	TestImage	AffRaw	20201109_132213684	920			4	1	640	490	21	0	34	0.001022339	2.582954E-05	99.90824	6.703562E-05	98.95035	91.47519	96.78751	150.4821	-0.1110842	4.972641	-3.554719	0.1131336	2.115152E-13	1.399242E-05	9.160975E-09	0.01763196	23.84226	99.745	2.850533	0.05475187	0.003581547	8.277508E-05	2.851058E-08	0.004190479	99.91725	5.991321	0.1512421	0.0001161915	18.31551	76.63146	99.99773	0.02462756	4.173407	0.05598403						
