#Study : ck_happy
#Date : 20201109 13:28:55
#Version : 7.2.17995.2
#TestRunDate : 20201109 13:22:12.255 (+02:00)

StudyName	ExportDate	Name	Age	Gender	StimulusName	SlideType	EventSource	Timestamp	MediaTime	PostMarker	Annotation	version	Number of faces	width	height	FrameIndex	faceid	#classifiers	Brow Furrow	Brow Raise	Engagement	Lip Corner Depressor	Smile	Valence	Attention	Interocular Distance	Pitch	Yaw	Roll	InnerBrowRaise	EyeClosure	NoseWrinkle	UpperLipRaise	LipSuck	LipPress	MouthOpen	ChinRaise	Smirk	LipPucker	Anger	Sadness	Disgust	Joy	Surprise	Fear	Contempt	Cheek Raise	Dimpler	Eye Widen	Lid Tighten	Lip Stretch	Jaw Drop	LiveMarker	KeyStroke	MarkerText	SceneType	SceneOutput	SceneParent
ck_happy	20201109	S062-happy	0	MALE	FaceRecording-1	TestImage	AffRaw	20201109_132212335	80			4	1	640	490	0	0	34	0.0005652492	5.957157E-06	0.08048836	0.0002153362	0.01300894	0	98.51673	164.7715	-3.211214	-1.020121	-23.67913	0.0005260847	2.687931E-09	0.0001421103	0.0003387971	0.03111615	0.02130563	0.2633264	0.0393183	0.0004694094	0.03160694	0.002567578	0.01831291	0.4269605	0.001841711	0.2102428	0.009895324	0.1924976	0.0001335941	0.01971425	7.841024	0.000522525	0.003901887	0.1236049						
ck_happy	20201109	S062-happy	0	MALE	FaceRecording-1	TestImage	AffRaw	20201109_132212375	120			4	1	640	490	1	0	34	0.0005517164	3.694307E-06	0.08125172	0.0005805673	0.01250162	0	98.34606	166.4219	-5.835683	1.573342	-9.739268	0.0005567688	2.987813E-09	9.980971E-05	0.0002128021	0.05773138	0.02081368	0.3956014	0.1220648	0.000318309	0.04124115	0.002792839	0.01682462	0.4274369	0.001845994	0.2161958	0.01256506	0.1925017	0.0001077245	0.03257798	10.24034	0.0006009464	0.00619839	0.1575868						
ck_happy	20201109	S062-happy	0	MALE	FaceRecording-1	TestImage	AffRaw	20201109_132212415	160			4	1	640	490	2	0	34	0.0004539373	1.610275E-05	0.08115098	0.000908575	0.01521942	0	98.54273	163.6421	-7.032168	0.9303695	-8.706526	0.0004805692	6.118469E-09	0.000125711	0.0003508656	0.09287945	0.01828963	0.3783124	0.1666022	0.0002925054	0.05232794	0.002488404	0.01893749	0.4265113	0.001846246	0.2087033	0.008796708	0.1924617	0.0001458042	0.04077148	6.686103	0.0005675481	0.009146608	0.1887631						
ck_happy	20201109	S062-happy	0	MALE	FaceRecording-1	TestImage	AffRaw	20201109_132212455	200			4	1	640	490	3	0	34	0.000358328	3.453168E-05	0.08093668	0.0009826168	0.0170178	0	98.73479	163.4179	-6.598256	0.2139783	-9.862284	0.0004849082	6.743885E-09	0.000111148	0.0003617092	0.09293615	0.01856142	0.3413608	0.2126482	0.0002919491	0.05476544	0.002441127	0.01935268	0.4261728	0.00184556	0.2071933	0.008270904	0.1924354	0.0001645636	0.05301034	6.068376	0.0005953652	0.00738385	0.179657						
ck_happy	20201109	S062-happy	0	MALE	FaceRecording-1	TestImage	AffRaw	20201109_132212495	240			4	1	640	490	4	0	34	0.0003827272	2.227021E-05	0.08109359	0.0007175291	0.01447049	0	98.5451	166.0482	-6.287429	0.9220693	-9.418045	0.0005181172	3.300654E-09	9.354998E-05	0.00028734	0.1033361	0.02163866	0.3684724	0.1714805	0.0003353141	0.04440752	0.002381141	0.0198076	0.4262218	0.001845699	0.2057983	0.007695441	0.1924731	0.0001326775	0.04325162	5.34238	0.0006225582	0.007048122	0.1703507						
ck_happy	20201109	S062-happy	0	MALE	FaceRecording-1	TestImage	AffRaw	20201109_132212535	280			4	1	640	490	5	0	34	0.0002923781	3.087723E-05	0.08074801	0.0005661389	0.01427037	0	98.60986	164.1304	-6.378863	0.6911901	-9.785182	0.0005343239	2.210888E-09	6.906199E-05	0.0002182719	0.1318269	0.02304935	0.3087265	0.2302412	0.000393028	0.04966534	0.002401167	0.01973859	0.4251739	0.001843644	0.2057206	0.007816751	0.1924769	0.0001234238	0.0493901	5.491989	0.0006548613	0.007985419	0.1510114						
ck_happy	20201109	S062-happy	0	MALE	FaceRecording-1	TestImage	AffRaw	20201109_132212575	320			4	1	640	490	6	0	34	0.0002722002	4.359663E-05	0.08043622	0.0003127934	0.0185648	0	98.47792	162.8347	-7.204511	1.151255	-9.421227	0.0005781826	1.665298E-09	7.521557E-05	0.0002395671	0.1279071	0.0357266	0.2545408	0.2530637	0.000712894	0.05261432	0.002364304	0.02007925	0.4247341	0.001843125	0.20443	0.007457835	0.1924215	0.0001667943	0.07280479	5.019629	0.0006965005	0.01303094	0.1394655						
ck_happy	20201109	S062-happy	0	MALE	FaceRecording-1	TestImage	AffRaw	20201109_132212615	360			4	1	640	490	7	0	34	0.0003007979	5.726298E-05	0.08124115	0.0001565076	0.03474261	0	98.67858	163.6385	-7.743723	0.4341767	-9.677286	0.0006261934	9.357455E-10	9.549776E-05	0.000282062	0.1605474	0.06956404	0.2226102	0.3940291	0.001620293	0.04717065	0.002451884	0.01944229	0.423375	0.001846935	0.2061747	0.008182174	0.1922071	0.0003283575	0.07750098	5.953263	0.0007265377	0.02801332	0.138372						
ck_happy	20201109	S062-happy	0	MALE	FaceRecording-1	TestImage	AffRaw	20201109_132212655	400			4	1	640	490	8	0	34	0.0003620432	6.395229E-05	0.08306744	0.0001056156	0.08245812	0	98.67234	164.1118	-7.264078	0.4580818	-11.2144	0.0007167153	9.569937E-10	0.0002049625	0.0004731422	0.148085	0.1444166	0.2022244	0.7054551	0.003749641	0.04133153	0.002450671	0.01951124	0.422175	0.001860714	0.2055975	0.007993214	0.1915653	0.0008478407	0.09285831	5.741069	0.0007357372	0.05741538	0.1295474						
ck_happy	20201109	S062-happy	0	MALE	FaceRecording-1	TestImage	AffRaw	20201109_132212695	440			4	1	640	490	9	0	34	0.0003811835	6.90888E-05	0.0853188	6.932323E-05	0.2152639	0	98.6591	165.1741	-6.789543	-0.5083739	-11.16903	0.0007711781	4.046605E-10	0.0003494104	0.0004619334	0.1688917	0.4021218	0.2239591	1.08014	0.007285456	0.0333493	0.002487896	0.0190369	0.4182858	0.00190234	0.2062927	0.008190597	0.1897415	0.00229655	0.1101591	6.053074	0.000795261	0.1205599	0.1154936						
ck_happy	20201109	S062-happy	0	MALE	FaceRecording-1	TestImage	AffRaw	20201109_132212735	480			4	1	640	490	10	0	34	0.0003392821	6.505406E-05	0.08848255	4.258152E-05	0.5100665	0	98.68954	163.1438	-7.252886	-0.3919873	-10.46136	0.0008264421	3.860679E-10	0.000535841	0.000387015	0.1916909	0.8591759	0.2486609	1.590178	0.01128723	0.02551599	0.002485664	0.01849113	0.4100732	0.001997261	0.2063682	0.008077369	0.1856787	0.005435111	0.133279	6.071654	0.0008439517	0.246191	0.09350027						
ck_happy	20201109	S062-happy	0	MALE	FaceRecording-1	TestImage	AffRaw	20201109_132212775	520			4	1	640	490	11	0	34	0.0003396706	6.50954E-05	0.09490991	4.083676E-05	1.176646	0	98.61663	163.8048	-6.842371	-0.6663912	-10.74295	0.0009051416	1.459567E-09	0.00104031	0.0003945608	0.2350143	1.905643	0.3271524	2.572292	0.0177928	0.02236508	0.002491253	0.01712104	0.3923882	0.002230618	0.2074749	0.008044217	0.1767621	0.01258571	0.1573589	6.425179	0.0008867701	0.4357416	0.08651109						
ck_happy	20201109	S062-happy	0	MALE	FaceRecording-1	TestImage	AffRaw	20201109_132212815	560			4	1	640	490	12	0	34	0.0003174999	6.963438E-05	0.1137375	4.679801E-05	2.554738	0	98.48649	163.9831	-6.069395	-1.122579	-10.52675	0.0009248961	1.001735E-09	0.002195318	0.0003917234	0.2474611	1.765888	0.4425841	3.404801	0.0324904	0.02094545	0.002347385	0.01552896	0.3592496	0.002800726	0.208345	0.007467079	0.1596813	0.02715533	0.1395607	6.545709	0.000951509	0.6570403	0.09152867						
ck_happy	20201109	S062-happy	0	MALE	FaceRecording-1	TestImage	AffRaw	20201109_132212855	600			4	1	640	490	13	0	34	0.0002853803	5.419322E-05	0.1658624	3.648316E-05	5.199252	0	98.57882	164.1607	-6.573906	-0.8031616	-11.08922	0.001025475	6.525831E-10	0.002699127	0.0002052361	0.2926829	2.073678	0.5943382	7.426759	0.07112714	0.01909094	0.002266438	0.01281493	0.3025097	0.004329116	0.2094269	0.006405378	0.1315291	0.05430365	0.167979	6.692286	0.00111085	0.9828185	0.08791286						
ck_happy	20201109	S062-happy	0	MALE	FaceRecording-1	TestImage	AffRaw	20201109_132212895	640			4	1	640	490	14	0	34	0.0002560569	4.823742E-05	0.3040462	3.992335E-05	9.451094	0	98.51191	163.2957	-6.2791	-1.036607	-10.95646	0.001112846	9.739906E-10	0.002250178	8.586636E-05	0.3465722	1.738494	0.7461067	12.3776	0.1204939	0.0174235	0.001980617	0.009834358	0.229216	0.008704477	0.2090152	0.004579329	0.0961528	0.09813163	0.1639183	6.120331	0.001233132	1.181427	0.08544119						
ck_happy	20201109	S062-happy	0	MALE	FaceRecording-1	TestImage	AffRaw	20201109_132212935	680			4	1	640	490	15	0	34	0.0002035986	3.402895E-05	0.9263593	4.212807E-05	17.2935	5.190801	98.51517	163.9655	-6.098229	-1.025465	-10.83309	0.001236221	2.403465E-09	0.0006862474	1.274456E-05	0.3772444	1.616647	1.00789	20.88098	0.2283313	0.01641592	0.001565747	0.005772394	0.1377536	0.03155323	0.2105872	0.002771626	0.05403522	0.1747199	0.1705502	6.20454	0.001412563	1.67996	0.09126111						
ck_happy	20201109	S062-happy	0	MALE	FaceRecording-1	TestImage	AffRaw	20201109_132212975	720			4	1	640	490	16	0	34	0.0001692928	2.465772E-05	4.154397	3.737734E-05	28.03	13.39409	98.59879	163.8765	-5.380612	-0.7314141	-10.6298	0.001357586	1.842073E-09	0.0002439419	2.723066E-06	0.3678678	1.15463	1.458429	31.49264	0.3587557	0.01554406	0.001096687	0.002783612	0.068863	0.1840531	0.2133695	0.001390282	0.02449702	0.2979349	0.1451428	6.397884	0.001609694	1.936362	0.08889256						
ck_happy	20201109	S062-happy	0	MALE	FaceRecording-1	TestImage	AffRaw	20201109_132213015	760			4	1	640	490	17	0	34	0.0001481677	2.458613E-05	19.15988	3.849151E-05	39.92241	20.7388	98.52123	162.4009	-6.478882	-1.004681	-11.36348	0.001427496	3.903113E-09	0.0001353524	1.021796E-06	0.3808268	1.001413	2.212968	48.39977	0.5453026	0.01472046	0.0008744286	0.001228746	0.03204941	1.291831	0.2175658	0.000643727	0.01024288	0.4754661	0.1428042	6.461864	0.001818537	2.594579	0.08950979						
ck_happy	20201109	S062-happy	0	MALE	FaceRecording-1	TestImage	AffRaw	20201109_132213055	800			4	1	640	490	18	0	34	0.0001222193	1.98208E-05	61.61419	4.03366E-05	53.31243	31.27072	98.65063	163.416	-5.907317	-0.540238	-11.13607	0.001496195	8.91923E-09	4.336976E-05	2.225308E-07	0.35024	1.033613	3.781996	60.23927	0.6901352	0.01435244	0.0005170027	0.0004901635	0.01375296	10.7505	0.2244982	0.0002440499	0.003810591	0.7365191	0.1228733	5.682614	0.002107788	2.622024	0.08948978						
ck_happy	20201109	S062-happy	0	MALE	FaceRecording-1	TestImage	AffRaw	20201109_132213095	840			4	1	640	490	19	0	34	0.0001069825	1.832373E-05	88.45629	4.095087E-05	64.25457	39.31804	98.49711	163.6296	-6.727794	-1.086827	-10.19198	0.001496973	1.666712E-09	1.804283E-05	7.038142E-08	0.4093972	0.7507795	6.956748	72.05909	0.8208628	0.01363823	0.0003771783	0.000209762	0.00710064	43.33422	0.2442638	0.0001259668	0.00170069	1.069905	0.08776347	6.198433	0.002456961	3.287011	0.09209093						
ck_happy	20201109	S062-happy	0	MALE	FaceRecording-1	TestImage	AffRaw	20201109_132213135	880			4	1	640	490	20	0	34	9.944212E-05	1.632124E-05	96.15716	3.581605E-05	72.5384	46.83476	98.47752	163.6848	-6.833363	-1.152541	-10.88521	0.001535586	9.477694E-10	1.20674E-05	3.905864E-08	0.339942	0.6378601	11.76056	76.78597	0.8741108	0.01316647	0.0002515962	0.0001038929	0.004521649	76.39844	0.2747658	7.077091E-05	0.0009188914	1.508158	0.06704511	5.996649	0.00266653	3.114711	0.08697236						
ck_happy	20201109	S062-happy	0	MALE	FaceRecording-1	TestImage	AffRaw	20201109_132213175	920			4	1	640	490	21	0	34	9.576069E-05	1.481045E-05	98.3753	3.642413E-05	78.72422	52.96977	98.33792	163.7129	-5.921319	-1.598288	-9.954051	0.001449374	9.178513E-10	8.052303E-06	2.121436E-08	0.3512408	0.6150324	18.36555	78.77448	0.9158877	0.01292106	0.0001855874	5.297162E-05	0.003399936	90.94524	0.3279279	5.385817E-05	0.0005803742	2.004912	0.04595527	7.233724	0.003029317	3.73248	0.08265971						
ck_happy	20201109	S062-happy	0	MALE	FaceRecording-1	TestImage	AffRaw	20201109_132213215	960			4	1	640	490	22	0	34	8.612584E-05	1.247875E-05	99.20521	3.73788E-05	83.78802	57.79343	98.65197	162.5398	-5.219619	-0.5352122	-10.49992	0.001327853	1.815819E-09	7.379139E-06	2.023018E-08	0.4288756	0.4253494	28.88332	81.37561	0.827118	0.01231505	0.0001429637	2.704154E-05	0.002944678	96.53376	0.4243293	3.680291E-05	0.0003932547	2.595935	0.03251015	6.815587	0.003122376	3.672351	0.07880241						
ck_happy	20201109	S062-happy	0	MALE	FaceRecording-1	TestImage	AffRaw	20201109_132213255	1000			4	1	640	490	23	0	34	7.713677E-05	1.177184E-05	99.52566	3.409109E-05	87.4238	61.37149	98.69206	162.5273	-5.425826	0.3822359	-10.38838	0.001305652	5.903679E-09	8.762258E-06	2.844155E-08	0.3969085	0.2175427	53.0701	83.50853	0.7331291	0.01364069	0.000118584	9.648858E-06	0.00360955	98.74019	0.7709132	2.820424E-05	0.0002964235	3.370549	0.01911687	6.393126	0.003472941	4.420634	0.0841837						
