#Study : CKbyEmotion
#Date : 20191217 20:50:00
#Version : 7.2.15327.0
#TestRunDate : 20191217 19:48:23.967 (+02:00)

StudyName	ExportDate	Name	Age	Gender	StimulusName	SlideType	EventSource	Timestamp	MediaTime	PostMarker	Annotation	version	Number of faces	width	height	FrameIndex	faceid	#classifiers	Brow Furrow	Brow Raise	Engagement	Lip Corner Depressor	Smile	Valence	Attention	Interocular Distance	Pitch	Yaw	Roll	InnerBrowRaise	EyeClosure	NoseWrinkle	UpperLipRaise	LipSuck	LipPress	MouthOpen	ChinRaise	Smirk	LipPucker	Anger	Sadness	Disgust	Joy	Surprise	Fear	Contempt	Cheek Raise	Dimpler	Eye Widen	Lid Tighten	Lip Stretch	Jaw Drop	LiveMarker	KeyStroke	MarkerText	SceneType	SceneOutput	SceneParent
CKbyEmotion	20191217	S066-surprise	0	MALE	FaceRecording-1	TestImage	AffRaw	20191217_194824047	80			4	1	640	490	0	0	34	1.976967E-06	5.922155E-05	0.07919598	0.01086372	1.150128E-06	0	98.65034	146.4698	-7.416369	0.5413682	-0.04410976	1.277653	6.819333E-13	5.023758E-12	1.662616E-13	0.001524172	0.003780566	0.03703357	0.01577233	1.610696E-07	0.007237088	0.04943028	0.001000253	0.4261554	0.001830314	0.5252639	45.27096	0.1926735	3.918138E-12	0.0002740145	97.90363	0.02012353	0.0001561415	0.03620007						
CKbyEmotion	20191217	S066-surprise	0	MALE	FaceRecording-1	TestImage	AffRaw	20191217_194824087	120			4	1	640	490	1	0	34	1.065124E-05	5.041512E-06	0.07949622	0.01078032	1.003588E-06	0	98.77467	152.2774	-7.827859	0.05183668	-0.8536457	1.216189	3.693322E-13	1.138887E-11	1.299602E-13	0.01199999	0.003253669	0.02864807	0.09010144	1.471998E-07	0.07486121	0.04766126	0.001038506	0.4258643	0.001830037	0.5190409	42.10471	0.1926735	3.549268E-12	0.001124313	96.65816	0.01275402	0.0006509902	0.131994						
CKbyEmotion	20191217	S066-surprise	0	MALE	FaceRecording-1	TestImage	AffRaw	20191217_194824127	160			4	1	640	490	2	0	34	3.453491E-05	3.361454E-06	0.07934909	0.01631442	2.259284E-06	0	98.63538	154.0033	-5.553624	0.5972294	0.09868097	1.010622	7.251444E-14	3.450525E-11	2.778236E-13	0.01249399	0.002274959	0.03716245	0.05027856	1.309365E-07	0.06411991	0.05024502	0.0009769478	0.4259169	0.001830318	0.5242419	45.51778	0.1926736	9.944319E-12	0.0005128194	98.07616	0.009678924	0.0004468067	0.1191457						
CKbyEmotion	20191217	S066-surprise	0	MALE	FaceRecording-1	TestImage	AffRaw	20191217_194824167	200			4	1	640	490	3	0	34	3.182725E-05	1.670645E-06	0.07946997	0.01081277	1.839807E-06	0	98.7522	151.9253	-6.691295	0.1438107	-0.8811505	0.9854341	4.757718E-14	3.409993E-11	2.321613E-13	0.006684523	0.002485183	0.03038429	0.06279947	1.534386E-07	0.08544917	0.04947077	0.0009917174	0.4259815	0.001830092	0.5214748	44.2724	0.1926736	8.181299E-12	0.0004830279	97.58105	0.01004678	0.000525235	0.134337						
CKbyEmotion	20191217	S066-surprise	0	MALE	FaceRecording-1	TestImage	AffRaw	20191217_194824207	240			4	1	640	490	4	0	34	2.532403E-05	1.75018E-06	0.07938196	0.01529336	1.723822E-06	0	98.7131	153.0226	-7.06014	-0.3000988	-0.3400821	1.067305	3.145872E-14	2.600329E-11	2.054467E-13	0.01058932	0.00267316	0.02874197	0.06993165	1.476652E-07	0.0615446	0.04820282	0.001021141	0.4258916	0.001830038	0.518509	42.56827	0.1926736	7.380609E-12	0.0005880155	96.87063	0.00802709	0.0006046295	0.1230334						
CKbyEmotion	20191217	S066-surprise	0	MALE	FaceRecording-1	TestImage	AffRaw	20191217_194824247	280			4	1	640	490	5	0	34	8.625294E-06	2.188905E-06	0.07950061	0.0123708	1.119673E-06	0	98.6344	149.4149	-4.856106	0.6008603	-0.8719889	0.8725973	2.18112E-13	7.800236E-12	7.81208E-14	0.01228997	0.002754441	0.03052395	0.09087504	1.422338E-07	0.07174852	0.05217522	0.0009378354	0.4258698	0.001830099	0.5283785	47.7805	0.1926735	3.587949E-12	0.0005562933	99.02937	0.006176983	0.0005579871	0.183829						
CKbyEmotion	20191217	S066-surprise	0	MALE	FaceRecording-1	TestImage	AffRaw	20191217_194824287	320			4	1	640	490	6	0	34	2.844515E-06	5.130055E-05	0.07957371	0.01058765	1.170403E-06	0	98.65145	149.2094	-5.45994	-0.5371815	-0.9668106	0.7705208	8.374631E-11	4.134339E-12	7.642824E-14	0.01189732	0.002338476	0.03360696	0.1037074	1.311409E-07	0.05325754	0.05351375	0.000911505	0.4258977	0.001830201	0.5309823	49.33397	0.1926735	3.556302E-12	0.0004883414	99.67546	0.005299699	0.0004750076	0.2059582						
CKbyEmotion	20191217	S066-surprise	0	MALE	FaceRecording-1	TestImage	AffRaw	20191217_194824327	360			4	1	640	490	7	0	34	1.772977E-06	0.002401909	0.07963042	0.008163111	2.131883E-06	0	98.68973	145.4314	-4.479805	-0.3912831	-0.6767048	0.8371994	3.785908E-09	5.622201E-12	2.156598E-13	0.01268472	0.002625549	0.0499067	0.1113416	1.73951E-07	0.05443598	0.05380618	0.0009081073	0.4260116	0.001830602	0.5334151	49.90298	0.1926735	7.673799E-12	0.0005454936	99.90044	0.004682343	0.0005826429	0.2303236						
CKbyEmotion	20191217	S066-surprise	0	MALE	FaceRecording-1	TestImage	AffRaw	20191217_194824367	400			4	1	640	490	8	0	34	1.021191E-06	0.2023639	0.08075987	0.006658648	3.409807E-06	0	98.74314	143.7808	-4.796217	0.1804505	-0.6958532	1.023288	1.731647E-08	2.817235E-12	3.915028E-13	0.008686699	0.004060197	0.0961626	0.1087089	2.283496E-07	0.05615577	0.05303321	0.000911618	0.4264607	0.001820192	0.5421086	49.93324	0.1926735	1.263144E-11	0.0006476766	99.96078	0.005071247	0.0007895879	0.2690405						
CKbyEmotion	20191217	S066-surprise	0	MALE	FaceRecording-1	TestImage	AffRaw	20191217_194824407	440			4	1	640	490	9	0	34	9.247163E-07	6.358699	0.1283153	0.006396258	5.369446E-06	0	98.68174	146.4633	-4.333047	0.4220548	0.1816865	1.259842	1.183697E-08	1.475944E-12	7.561542E-13	0.003464473	0.004444742	0.4411816	0.1009308	2.547671E-07	0.1520563	0.0386942	0.000784312	0.4292406	0.001497412	0.7512106	44.69814	0.1926734	2.087579E-11	0.0006456895	99.98629	0.005148796	0.0009765752	0.6138488						
CKbyEmotion	20191217	S066-surprise	0	MALE	FaceRecording-1	TestImage	AffRaw	20191217_194824447	480			4	1	640	490	10	0	34	1.053209E-06	42.36588	1.886994	0.006292718	8.200118E-06	0	98.66917	144.6886	-3.174618	0.47016	-0.2081061	1.624111	6.835781E-09	2.149273E-12	4.044826E-12	0.002105169	0.005467711	2.318238	0.09023065	2.927551E-07	0.3863325	0.006317562	0.0003067721	0.4441026	0.0004768572	4.703209	19.15249	0.1926734	3.549236E-11	0.000854114	99.99368	0.004934019	0.001262299	1.629001						
CKbyEmotion	20191217	S066-surprise	0	MALE	FaceRecording-1	TestImage	AffRaw	20191217_194824487	520			4	1	640	490	11	0	34	1.794801E-06	89.19247	43.10972	0.006032654	1.039633E-05	0	98.1326	143.9767	-3.729252	2.191151	0.3332683	2.001604	6.42346E-09	5.078422E-12	2.922162E-11	0.002232793	0.01301746	6.924266	0.08946604	3.827135E-07	0.8988572	0.000600235	8.366595E-05	0.4827011	0.0001119956	38.5573	4.206351	0.1926734	5.390099E-11	0.001368394	99.9969	0.004589318	0.001878138	5.565459						
CKbyEmotion	20191217	S066-surprise	0	MALE	FaceRecording-1	TestImage	AffRaw	20191217_194824527	560			4	1	640	490	12	0	34	2.867339E-06	98.59126	73.9768	0.00534566	1.284476E-05	0	98.34742	144.2655	-3.621325	1.569173	0.4580764	2.400251	3.353712E-09	3.150428E-11	4.39585E-10	0.003059119	0.05321405	16.03542	0.07838447	5.662334E-07	1.584631	0.000370116	5.009822E-05	0.5691493	9.71757E-05	60.20904	2.359593	0.1926733	7.772483E-11	0.00258067	99.99834	0.004304347	0.002649006	14.28728						
CKbyEmotion	20191217	S066-surprise	0	MALE	FaceRecording-1	TestImage	AffRaw	20191217_194824567	600			4	1	640	490	13	0	34	3.862189E-06	99.79354	95.62206	0.004371873	1.463931E-05	0	98.1922	145.341	-4.071806	2.0259	-0.0457018	2.860473	6.102199E-09	1.200996E-10	2.877114E-09	0.004195573	0.2541693	43.38001	0.09542233	7.932284E-07	2.506811	0.0003434436	2.00794E-05	0.9322516	0.0001535994	81.78091	1.322319	0.1926733	1.017704E-10	0.006453827	99.99943	0.003584437	0.003657398	31.00967						
CKbyEmotion	20191217	S066-surprise	0	MALE	FaceRecording-1	TestImage	AffRaw	20191217_194824607	640			4	1	640	490	14	0	34	4.115178E-06	99.97369	99.52731	0.003799886	1.554815E-05	0	98.11808	146.5004	-3.570331	2.230627	-0.4242992	3.35865	7.48556E-09	8.784258E-11	2.988218E-09	0.004940813	0.8474302	74.92249	0.08533002	1.004609E-06	4.020814	0.0003346629	7.149597E-06	1.642331	0.0002709542	93.87983	0.6611624	0.1926733	1.117386E-10	0.01191646	99.99987	0.003435805	0.004429548	52.07541						
CKbyEmotion	20191217	S066-surprise	0	MALE	FaceRecording-1	TestImage	AffRaw	20191217_194824647	680			4	1	640	490	15	0	34	4.301694E-06	99.99577	99.84367	0.003257997	1.468238E-05	0	98.51423	146.9806	-3.547049	1.028638	-1.106109	4.506979	2.068662E-09	1.184667E-10	4.349764E-09	0.006001656	3.864336	90.436	0.09306969	1.251131E-06	7.280833	0.0003218407	4.37378E-06	2.165803	0.0003589885	97.18483	0.3472956	0.1926733	1.080165E-10	0.03012444	99.99995	0.003305153	0.005790025	72.03838						
CKbyEmotion	20191217	S066-surprise	0	MALE	FaceRecording-1	TestImage	AffRaw	20191217_194824687	720			4	1	640	490	16	0	34	4.482295E-06	99.99907	99.90662	0.002848853	1.567083E-05	0	98.37733	147.0214	-2.000337	1.476329	0.5995589	6.222633	7.560746E-10	1.347894E-10	5.842706E-09	0.007358496	12.71449	97.65533	0.08041354	1.581451E-06	10.63273	0.0003037944	3.325906E-06	2.461933	0.0004092974	98.17896	0.2434748	0.1926733	1.217686E-10	0.06676504	99.99998	0.002816843	0.00614467	83.57958						
CKbyEmotion	20191217	S066-surprise	0	MALE	FaceRecording-1	TestImage	AffRaw	20191217_194824727	760			4	1	640	490	17	0	34	4.576877E-06	99.99982	99.91721	0.002728715	1.645238E-05	0	98.35293	147.587	-2.137891	1.552174	0.4084188	7.714931	6.369944E-10	6.281815E-11	3.180092E-09	0.007797685	19.79019	99.34026	0.06579906	1.904483E-06	17.09065	0.000288907	3.086709E-06	2.536514	0.00042202	98.55297	0.1907452	0.1926733	1.317944E-10	0.1426481	100	0.002671585	0.007519857	91.66424						
CKbyEmotion	20191217	S066-surprise	0	MALE	FaceRecording-1	TestImage	AffRaw	20191217_194824767	800			4	1	640	490	18	0	34	4.802549E-06	99.99996	99.91994	0.002583427	1.658698E-05	0	98.03835	147.3002	-1.811192	2.442147	0.09535164	10.72683	2.865185E-10	1.973835E-11	1.304995E-09	0.01053423	22.34198	99.81126	0.05858774	2.296123E-06	21.21868	0.0002612815	3.559482E-06	2.557429	0.0004256477	98.72646	0.1822716	0.1926733	1.368259E-10	0.3464477	100	0.002797333	0.00881019	94.53686						
CKbyEmotion	20191217	S066-surprise	0	MALE	FaceRecording-1	TestImage	AffRaw	20191217_194824807	840			4	1	640	490	19	0	34	5.242973E-06	99.99998	99.92075	0.002453496	1.682094E-05	0	98.30988	147.9165	-2.200188	1.683378	1.093818	15.29733	5.316117E-11	7.917482E-12	6.366034E-10	0.01310743	23.29102	99.95261	0.05220205	2.790726E-06	28.15182	0.0002243402	4.72913E-06	2.563515	0.0004267427	98.89158	0.1823155	0.1926733	1.425973E-10	0.8643749	100	0.0029454	0.01120387	96.8167						
CKbyEmotion	20191217	S066-surprise	0	MALE	FaceRecording-1	TestImage	AffRaw	20191217_194824847	880			4	1	640	490	20	0	34	5.11371E-06	100	99.92092	0.002092642	1.640135E-05	-0.3568802	98.54053	146.6125	-2.074396	0.9380277	0.4413028	19.11821	6.718586E-11	3.282692E-12	3.152329E-10	0.01763018	24.51694	99.98438	0.04639237	3.361459E-06	30.83387	0.0001975187	5.970864E-06	2.564404	0.000426989	98.98829	0.1894872	0.1926733	1.436028E-10	1.84956	100	0.003075664	0.01290909	97.56898						
CKbyEmotion	20191217	S066-surprise	0	MALE	FaceRecording-1	TestImage	AffRaw	20191217_194824887	920			4	1	640	490	21	0	34	5.490461E-06	100	99.92097	0.002089685	1.465559E-05	-1.438469	98.5185	148.2402	-1.914754	1.014068	0.2506344	20.98074	7.458902E-11	2.539021E-12	2.593896E-10	0.02608004	25.79424	99.99371	0.04191873	4.106897E-06	38.23274	0.0001856794	6.61487E-06	2.563788	0.0004270615	99.04235	0.1897025	0.1926734	1.294686E-10	4.11127	100	0.002744614	0.01564719	98.46815						
