#Study : CKbyEmotion
#Date : 20191217 20:50:00
#Version : 7.2.15327.0
#TestRunDate : 20191217 19:48:23.893 (+02:00)

StudyName	ExportDate	Name	Age	Gender	StimulusName	SlideType	EventSource	Timestamp	MediaTime	PostMarker	Annotation	version	Number of faces	width	height	FrameIndex	faceid	#classifiers	Brow Furrow	Brow Raise	Engagement	Lip Corner Depressor	Smile	Valence	Attention	Interocular Distance	Pitch	Yaw	Roll	InnerBrowRaise	EyeClosure	NoseWrinkle	UpperLipRaise	LipSuck	LipPress	MouthOpen	ChinRaise	Smirk	LipPucker	Anger	Sadness	Disgust	Joy	Surprise	Fear	Contempt	Cheek Raise	Dimpler	Eye Widen	Lid Tighten	Lip Stretch	Jaw Drop	LiveMarker	KeyStroke	MarkerText	SceneType	SceneOutput	SceneParent
CKbyEmotion	20191217	S065-surprise	0	MALE	FaceRecording-1	TestImage	AffRaw	20191217_194823973	80			4	1	640	490	0	0	34	0.01729956	1.376696E-06	0.0792416	0.001824342	0.0002158315	0	95.31367	132.4292	2.741479	6.937393	1.795612	0.04396094	8.759631E-11	1.703801E-06	2.047622E-08	0.02786185	0.01388493	0.008264566	0.003271755	0.003407137	0.0004908071	0.04705016	0.001012317	0.4253983	0.001827354	0.4976619	38.03518	0.1928023	1.735354E-07	0.0031357	95.11886	0.005304346	0.00166289	0.03740453						
CKbyEmotion	20191217	S065-surprise	0	MALE	FaceRecording-1	TestImage	AffRaw	20191217_194824013	120			4	1	640	490	1	0	34	0.06226939	5.374672E-06	0.07952747	0.001824791	0.0003927453	0	96.591	132.7703	2.061438	5.279664	2.046684	0.024267	1.10988E-10	3.175046E-05	5.203777E-07	0.02078776	0.01799901	0.03334749	0.00347912	0.0007842311	0.0004806866	0.04106277	0.001166164	0.4259675	0.001822867	0.4760802	28.75072	0.1929085	6.260524E-07	0.002233457	90.91231	0.008323251	0.001351168	0.03634189						
CKbyEmotion	20191217	S065-surprise	0	MALE	FaceRecording-1	TestImage	AffRaw	20191217_194824053	160			4	1	640	490	2	0	34	0.05100476	1.715586E-05	0.07967698	0.001642939	0.0004674556	0	96.83855	132.7223	1.60193	4.889918	1.172218	0.01979191	1.176801E-10	4.860379E-05	1.577346E-06	0.04201633	0.01498353	0.07092735	0.003728852	0.0008433668	0.0006152536	0.05221482	0.0009147645	0.4258441	0.00182548	0.5123484	45.31286	0.1928679	8.711413E-07	0.003548031	98.11536	0.007114956	0.001668133	0.04763524						
CKbyEmotion	20191217	S065-surprise	0	MALE	FaceRecording-1	TestImage	AffRaw	20191217_194824093	200			4	1	640	490	3	0	34	0.07187798	3.568462E-05	0.08024311	0.001405226	0.000458852	0	96.59452	133.7113	1.490741	5.274321	1.302426	0.02030807	1.837503E-10	0.000124928	5.099714E-06	0.03609011	0.01247416	0.1492543	0.003739346	0.0008636449	0.0004994223	0.05456362	0.0008758474	0.426519	0.001825583	0.5194005	48.50213	0.1929439	1.178261E-06	0.00478563	99.39333	0.00703847	0.00200881	0.05986631						
CKbyEmotion	20191217	S065-surprise	0	MALE	FaceRecording-1	TestImage	AffRaw	20191217_194824133	240			4	1	640	490	4	0	34	0.1324418	6.332585E-05	0.08063307	0.001618463	0.0004837452	0	97.02333	136.3296	0.3762363	4.579275	0.8465957	0.01764449	4.279385E-10	0.0002249806	9.77937E-06	0.05437078	0.01121599	0.156614	0.004598834	0.0009708226	0.0005896323	0.05535498	0.0008719212	0.4262207	0.00181861	0.5190802	49.15987	0.1931645	1.560418E-06	0.005857506	99.64326	0.006459406	0.001994564	0.0789892						
CKbyEmotion	20191217	S065-surprise	0	MALE	FaceRecording-1	TestImage	AffRaw	20191217_194824173	280			4	1	640	490	5	0	34	0.1426768	0.0001380152	0.08094925	0.001679193	0.0005832521	0	96.80997	135.417	0.04953542	4.936399	1.682756	0.01581951	3.228993E-10	0.0003605231	1.789769E-05	0.04619344	0.009873447	0.2012192	0.005494924	0.0008790933	0.000783149	0.05578455	0.0008650601	0.4268697	0.001818891	0.5205406	49.69976	0.1931981	2.134401E-06	0.004477709	99.85959	0.005938412	0.00145441	0.08861173						
CKbyEmotion	20191217	S065-surprise	0	MALE	FaceRecording-1	TestImage	AffRaw	20191217_194824213	320			4	1	640	490	6	0	34	0.1071681	0.0001493318	0.0807815	0.001632185	0.0004484554	0	97.18314	135.0971	1.277432	4.295122	1.897606	0.01573273	1.044795E-10	0.0002730074	1.762909E-05	0.04823596	0.01069919	0.207658	0.005999557	0.0007524137	0.000920593	0.05579128	0.0008599947	0.4267724	0.001823295	0.5223489	49.8784	0.1930692	1.676548E-06	0.004962909	99.94807	0.005146042	0.001152886	0.1041616						
CKbyEmotion	20191217	S065-surprise	0	MALE	FaceRecording-1	TestImage	AffRaw	20191217_194824253	360			4	1	640	490	7	0	34	0.06431491	0.0003138323	0.08131299	0.001740079	0.000398883	0	97.09911	135.09	1.214362	4.446415	0.7515111	0.009743422	1.291514E-10	0.0004177997	4.522063E-05	0.04878411	0.01020012	0.3423955	0.007825298	0.0005835853	0.001172997	0.05568184	0.0008519249	0.4277684	0.001832876	0.5259273	49.91273	0.1929117	1.368703E-06	0.005778932	99.98777	0.0036714	0.001112883	0.1360732						
CKbyEmotion	20191217	S065-surprise	0	MALE	FaceRecording-1	TestImage	AffRaw	20191217_194824293	400			4	1	640	490	8	0	34	0.02864493	0.002633722	0.08146302	0.001895925	0.000347996	0	97.4785	134.7795	1.658479	3.726102	0.5503187	0.006531075	1.472822E-09	0.0001375199	3.246799E-05	0.0633034	0.01122365	0.4038945	0.01255018	0.0004981219	0.001931293	0.05558065	0.0008472329	0.4278672	0.001839062	0.5286788	49.84064	0.192782	1.049914E-06	0.00757428	99.99601	0.002665373	0.001133634	0.2077646						
CKbyEmotion	20191217	S065-surprise	0	MALE	FaceRecording-1	TestImage	AffRaw	20191217_194824333	440			4	1	640	490	9	0	34	0.01397144	0.09765285	0.0832206	0.002784188	0.0003010223	0	97.99337	132.34	2.889141	2.557778	-0.2993936	0.005172694	8.037392E-09	2.687599E-05	1.615035E-05	0.09083088	0.01925761	0.6339712	0.03042966	0.0006022676	0.01069069	0.055366	0.0008372235	0.4290129	0.001842791	0.5367897	49.59098	0.1927318	7.651895E-07	0.02055424	99.99845	0.001996988	0.001293689	0.4040782						
CKbyEmotion	20191217	S065-surprise	0	MALE	FaceRecording-1	TestImage	AffRaw	20191217_194824373	480			4	1	640	490	10	0	34	0.006461161	2.48357	0.09884052	0.003312275	0.0003035975	0	98.01371	134.6602	1.953351	2.505828	0.008761548	0.005084229	5.116542E-09	3.824299E-06	6.765875E-06	0.08088302	0.02014168	0.6584237	0.03365076	0.0007064135	0.0579615	0.04909433	0.0007877647	0.4293528	0.001705972	0.614832	46.92832	0.1927069	7.019591E-07	0.03432176	99.99917	0.001674601	0.001303547	1.212311						
CKbyEmotion	20191217	S065-surprise	0	MALE	FaceRecording-1	TestImage	AffRaw	20191217_194824413	520			4	1	640	490	11	0	34	0.003349155	35.53542	1.090942	0.004170311	0.0002753058	0	97.75246	132.2063	2.419237	3.136987	-0.1239562	0.005509563	6.036251E-09	3.466979E-07	2.279881E-06	0.05622247	0.02199978	1.364346	0.0321458	0.0008285721	0.2013113	0.009393391	0.0003368242	0.4353938	0.0005859522	3.395139	20.81747	0.1926985	5.304904E-07	0.03701572	99.99958	0.001669381	0.001107965	4.546547						
CKbyEmotion	20191217	S065-surprise	0	MALE	FaceRecording-1	TestImage	AffRaw	20191217_194824453	560			4	1	640	490	12	0	34	0.002235179	87.04245	32.00191	0.004960964	0.0002493128	0	97.90039	130.8347	2.61093	2.789006	-0.1324532	0.00540619	8.353772E-09	4.186929E-08	8.866945E-07	0.04560541	0.01346462	2.405968	0.03087864	0.0009830538	0.5493606	0.000714686	8.978434E-05	0.4439024	0.0001106715	36.46207	3.318214	0.1926981	4.281939E-07	0.03220998	99.99979	0.001567914	0.0009886258	14.11959						
CKbyEmotion	20191217	S065-surprise	0	MALE	FaceRecording-1	TestImage	AffRaw	20191217_194824493	600			4	1	640	490	13	0	34	0.001425003	98.07075	57.0698	0.006067559	0.0002478645	0	97.63454	131.1886	2.492669	3.398715	-1.221363	0.004593675	8.427389E-09	9.290095E-09	5.621711E-07	0.03250572	0.00892269	5.915038	0.03488955	0.001259966	1.149088	0.0004115272	6.063897E-05	0.4733003	8.222787E-05	62.67091	1.139059	0.1927008	3.889162E-07	0.03092964	99.99994	0.001506509	0.000867776	35.83526						
CKbyEmotion	20191217	S065-surprise	0	MALE	FaceRecording-1	TestImage	AffRaw	20191217_194824533	640			4	1	640	490	14	0	34	0.001075292	99.79716	73.99732	0.006352716	0.00022125	0	97.74997	130.7898	3.374848	3.142672	-0.5280551	0.00441296	2.465282E-08	1.6586E-09	2.767809E-07	0.02691092	0.005683459	14.84445	0.04104412	0.001584504	2.069595	0.0003774583	4.313119E-05	0.5564101	9.141088E-05	79.71275	0.439753	0.1927066	3.076046E-07	0.03415696	99.99998	0.001312866	0.0007992648	62.87219						
CKbyEmotion	20191217	S065-surprise	0	MALE	FaceRecording-1	TestImage	AffRaw	20191217_194824573	680			4	1	640	490	15	0	34	0.0008619555	99.97256	91.49265	0.006685033	0.0002036395	0	97.65338	129.7081	3.245728	3.357764	-0.9619722	0.00430792	5.510073E-08	6.38906E-10	2.043866E-07	0.0206835	0.003371432	33.28202	0.05492501	0.002174817	3.916089	0.0003742142	2.322907E-05	0.7765345	0.000127086	90.61715	0.2141363	0.192718	2.54501E-07	0.03012651	99.99998	0.001101637	0.0007742481	84.35231						
CKbyEmotion	20191217	S065-surprise	0	MALE	FaceRecording-1	TestImage	AffRaw	20191217_194824613	720			4	1	640	490	16	0	34	0.0006609423	99.99279	98.27158	0.006230938	0.000189465	0	97.11768	129.419	5.53424	4.413358	-1.258256	0.004090254	1.053234E-07	5.067038E-10	2.312494E-07	0.01629154	0.002228895	56.57463	0.07448533	0.002511582	6.359544	0.0003739944	1.068168E-05	1.181398	0.0001939719	95.37258	0.1600224	0.1927245	2.146591E-07	0.02095652	100	0.001016013	0.0007145355	93.08727						
CKbyEmotion	20191217	S065-surprise	0	MALE	FaceRecording-1	TestImage	AffRaw	20191217_194824653	760			4	1	640	490	17	0	34	0.0005876719	99.99805	99.7398	0.005647752	0.0002032034	0	97.66096	130.5603	5.051973	3.341185	-1.357968	0.003689409	7.073982E-08	6.766585E-10	3.319015E-07	0.01250071	0.002026787	83.28621	0.1033212	0.002848537	11.19864	0.0003741874	4.384304E-06	1.906323	0.0003152019	97.75713	0.1398433	0.1927309	2.166243E-07	0.01610447	100	0.0008511323	0.00075003	97.13183						
CKbyEmotion	20191217	S065-surprise	0	MALE	FaceRecording-1	TestImage	AffRaw	20191217_194824693	800			4	1	640	490	18	0	34	0.0004926501	99.99949	99.87756	0.004726542	0.0001807336	0	97.10994	128.9476	4.991823	4.427177	-0.4632348	0.003665726	4.152112E-08	5.508933E-10	2.883066E-07	0.01076531	0.001719752	93.85797	0.1360375	0.003168996	14.91855	0.0003745338	3.082085E-06	2.301193	0.0003819848	98.31432	0.1337166	0.1927374	1.727949E-07	0.01142494	100	0.0007915391	0.000646768	98.47656						
CKbyEmotion	20191217	S065-surprise	0	MALE	FaceRecording-1	TestImage	AffRaw	20191217_194824733	840			4	1	640	490	19	0	34	0.0004215647	99.99981	99.90932	0.004016664	0.0001750424	0	97.87044	129.8785	6.09577	2.861379	-1.03161	0.003248172	1.288529E-07	5.629074E-10	2.814857E-07	0.009272896	0.001384564	98.06503	0.1866239	0.003517713	22.30692	0.000375135	2.678733E-06	2.479746	0.0004123474	98.50269	0.1303701	0.1927444	1.54117E-07	0.007473355	100	0.0007879638	0.0006165928	99.23766						
CKbyEmotion	20191217	S065-surprise	0	MALE	FaceRecording-1	TestImage	AffRaw	20191217_194824773	880			4	1	640	490	20	0	34	0.0003315049	99.99992	99.91534	0.003693468	0.0001616942	0	97.73566	129.1747	5.793452	3.175079	-0.6653015	0.004284648	1.48147E-07	3.86378E-10	2.132089E-07	0.007906088	0.00145398	99.02707	0.2310161	0.003880854	24.88423	0.0003756477	2.594386E-06	2.522547	0.0004196237	98.54568	0.1291869	0.1927516	1.325287E-07	0.004677894	100	0.0008537858	0.0005522801	99.51202						
CKbyEmotion	20191217	S065-surprise	0	MALE	FaceRecording-1	TestImage	AffRaw	20191217_194824813	920			4	1	640	490	21	0	34	0.0003241983	99.99995	99.91878	0.003439097	0.0001580869	0	97.8276	128.7245	5.945465	2.963142	-0.06166881	0.006260002	2.150509E-07	8.797257E-10	3.46557E-07	0.005608106	0.001056889	99.60815	0.2260244	0.00446025	34.25868	0.0003755166	2.545046E-06	2.54895	0.0004240801	98.57232	0.1282932	0.1927635	1.25372E-07	0.002357826	100	0.001123474	0.0004970417	99.72157						
