#Study : ck_happy
#Date : 20201109 13:28:55
#Version : 7.2.17995.2
#TestRunDate : 20201109 13:22:11.647 (+02:00)

StudyName	ExportDate	Name	Age	Gender	StimulusName	SlideType	EventSource	Timestamp	MediaTime	PostMarker	Annotation	version	Number of faces	width	height	FrameIndex	faceid	#classifiers	Brow Furrow	Brow Raise	Engagement	Lip Corner Depressor	Smile	Valence	Attention	Interocular Distance	Pitch	Yaw	Roll	InnerBrowRaise	EyeClosure	NoseWrinkle	UpperLipRaise	LipSuck	LipPress	MouthOpen	ChinRaise	Smirk	LipPucker	Anger	Sadness	Disgust	Joy	Surprise	Fear	Contempt	Cheek Raise	Dimpler	Eye Widen	Lid Tighten	Lip Stretch	Jaw Drop	LiveMarker	KeyStroke	MarkerText	SceneType	SceneOutput	SceneParent
ck_happy	20201109	S053-happy	0	MALE	FaceRecording-1	TestImage	AffRaw	20201109_132211727	80			4	1	640	490	0	0	34	3.655551	3.379666E-10	0.1038876	0.00733774	0.0002100823	0	97.12154	170.6957	-13.09892	4.406467	-3.933784	5.36447	6.134636E-07	9.586086E-06	3.20884E-08	0.0005622997	0.009040695	0.1843764	0.1014285	0.0001301844	0.03334603	0.002245173	0.04491628	0.4279239	0.001444747	0.1733523	0.005592363	0.2063141	1.852592E-07	0.001455143	0.0001191479	0.4073789	0.0004462889	0.07843094						
ck_happy	20201109	S053-happy	0	MALE	FaceRecording-1	TestImage	AffRaw	20201109_132211767	120			4	1	640	490	1	0	34	14.12502	2.508505E-10	0.22206	0.01156583	0.0002576779	0	97.73518	173.8721	-14.58604	3.176157	-5.041531	4.337711	2.905529E-07	7.600412E-05	2.762635E-07	0.0005567513	0.00898113	0.3664153	0.07342208	7.627616E-05	0.03074903	0.005553917	0.09138859	0.4293093	0.0007305083	0.09114055	0.007787645	0.250948	4.390059E-07	0.0014704	0.0004123871	0.3393361	0.0006504807	0.09856208						
ck_happy	20201109	S053-happy	0	MALE	FaceRecording-1	TestImage	AffRaw	20201109_132211807	160			4	1	640	490	2	0	34	23.95266	1.356612E-10	0.4502546	0.00888828	0.0002653541	0	97.42218	174.2241	-13.89395	3.839453	-4.955813	4.226419	1.168937E-07	8.284814E-05	3.320966E-07	0.0004313881	0.006707082	0.4669456	0.04670731	6.321767E-05	0.03550182	0.0126318	0.1887489	0.4300682	0.0003846406	0.05055939	0.01079169	0.3015707	5.064447E-07	0.00128779	0.0005010289	0.2857787	0.0006201713	0.0840764						
ck_happy	20201109	S053-happy	0	MALE	FaceRecording-1	TestImage	AffRaw	20201109_132211847	200			4	1	640	490	3	0	34	20.53718	1.049645E-10	0.3527471	0.00731883	0.0003354691	0	97.53606	173.4648	-13.54587	3.607704	-4.732388	3.715459	6.091109E-08	0.0001116218	4.594271E-07	0.0005427972	0.009666647	0.4518518	0.05623303	6.790026E-05	0.03525097	0.009669496	0.1413268	0.4297855	0.0004808732	0.06139351	0.009550258	0.282915	6.782139E-07	0.001548553	0.0005341619	0.2207057	0.0008177608	0.08064939						
ck_happy	20201109	S053-happy	0	MALE	FaceRecording-1	TestImage	AffRaw	20201109_132211887	240			4	1	640	490	4	0	34	8.586905	2.781077E-10	0.1516727	0.006724674	0.0004640634	0	97.34107	172.8664	-13.48406	3.998518	-3.615173	2.682275	3.090853E-08	5.308333E-05	3.035273E-07	0.0006080439	0.01243178	0.5575358	0.05834967	0.0001308358	0.02849205	0.003703075	0.05368771	0.4305976	0.00105336	0.1234088	0.006305542	0.2262508	7.117402E-07	0.002100879	0.00128288	0.1448153	0.00118223	0.07148917						
ck_happy	20201109	S053-happy	0	MALE	FaceRecording-1	TestImage	AffRaw	20201109_132211927	280			4	1	640	490	5	0	34	2.533195	2.481931E-09	0.1016403	0.007284892	0.0008792275	0	97.04953	172.8268	-12.40812	4.533721	-3.47987	1.550092	4.387359E-09	4.193899E-05	4.453761E-07	0.0006807596	0.01607442	1.00024	0.07460951	0.0002138271	0.02327285	0.002369301	0.03115536	0.4339625	0.001578286	0.1753664	0.005056297	0.2020182	1.191786E-06	0.002542634	0.00379432	0.06461519	0.00162701	0.08267403						
ck_happy	20201109	S053-happy	0	MALE	FaceRecording-1	TestImage	AffRaw	20201109_132211967	320			4	1	640	490	6	0	34	0.3831837	1.344883E-08	0.08586236	0.005914027	0.001235656	0	97.23744	172.9747	-12.23896	4.195	-3.92393	1.053783	9.863724E-10	1.258183E-05	2.43037E-07	0.0008451098	0.02427181	0.786324	0.07898638	0.0004735349	0.02213155	0.002005818	0.02582823	0.4322787	0.001809833	0.1964265	0.00467147	0.1940519	1.276604E-06	0.00355669	0.008795173	0.0465294	0.002314532	0.07490716						
ck_happy	20201109	S053-happy	0	MALE	FaceRecording-1	TestImage	AffRaw	20201109_132212007	360			4	1	640	490	7	0	34	0.163789	4.230889E-08	0.08582281	0.004278601	0.002447586	0	97.61572	172.9681	-10.38862	3.439299	-3.250896	0.6501488	8.234944E-10	1.063336E-05	3.798787E-07	0.0008100324	0.03696029	0.9992628	0.09062004	0.0008501282	0.0203112	0.002014986	0.02453847	0.4338753	0.001843496	0.1985203	0.004611732	0.193247	2.259668E-06	0.003907613	0.02212976	0.02670392	0.003005201	0.07873452						
ck_happy	20201109	S053-happy	0	MALE	FaceRecording-1	TestImage	AffRaw	20201109_132212047	400			4	1	640	490	8	0	34	0.1345631	9.86443E-08	0.08661477	0.002745703	0.007376256	0	97.11661	172.9846	-7.781775	4.415285	-4.229431	0.3940384	2.554383E-10	1.160976E-05	6.584982E-07	0.0007832274	0.06523799	1.157195	0.07479481	0.002783548	0.01608343	0.00204131	0.02390608	0.4349953	0.001853833	0.198763	0.004593399	0.1931096	7.093809E-06	0.003925706	0.04454735	0.02285714	0.003842561	0.09975828						
ck_happy	20201109	S053-happy	0	MALE	FaceRecording-1	TestImage	AffRaw	20201109_132212087	440			4	1	640	490	9	0	34	0.09780131	1.760324E-07	0.09098241	0.001731347	0.02845904	0	98.1253	172.2988	-7.780079	2.211016	-5.740586	0.3346266	3.096858E-10	1.590292E-05	1.209273E-06	0.0009210005	0.07886649	1.883314	0.0674907	0.009785281	0.009530597	0.002087293	0.02313385	0.4402641	0.001889501	0.2028567	0.004571902	0.1928157	2.732747E-05	0.00361699	0.05240943	0.02417624	0.007440792	0.1586612						
ck_happy	20201109	S053-happy	0	MALE	FaceRecording-1	TestImage	AffRaw	20201109_132212127	480			4	1	640	490	10	0	34	0.07780579	1.583796E-07	0.09696549	0.0007348257	0.1025284	0	97.69546	172.9465	-8.319866	3.265139	-5.429026	0.3108732	1.386867E-09	1.955481E-05	1.442653E-06	0.001305959	0.06662415	2.795791	0.05711477	0.0350414	0.005523298	0.00214	0.02226423	0.445528	0.001947083	0.2081769	0.004528135	0.1921918	9.903129E-05	0.003042057	0.05419644	0.02693577	0.01401916	0.2780338						
ck_happy	20201109	S053-happy	0	MALE	FaceRecording-1	TestImage	AffRaw	20201109_132212167	520			4	1	640	490	11	0	34	0.06172051	1.652678E-07	0.1058754	0.0006077431	0.3382536	0	97.61811	174.7241	-8.611575	3.434168	-5.615803	0.3581928	3.587004E-09	4.092725E-05	2.223333E-06	0.001786217	0.07526417	4.043835	0.05939499	0.09781493	0.0042168	0.002189547	0.0210674	0.4489231	0.002072279	0.2158502	0.004433651	0.1900343	0.0003175323	0.003747542	0.04648057	0.03321721	0.03569744	0.4399426						
ck_happy	20201109	S053-happy	0	MALE	FaceRecording-1	TestImage	AffRaw	20201109_132212207	560			4	1	640	490	12	0	34	0.05027669	2.000518E-07	0.121264	0.0005735212	0.9947045	0	97.87714	175.0224	-8.814322	2.845255	-5.498912	0.361574	1.541887E-08	8.893072E-05	2.391529E-06	0.002668349	0.05648618	5.957338	0.05698574	0.2427316	0.003539751	0.002231888	0.01891609	0.4455288	0.002390745	0.2273105	0.004221854	0.183684	0.0009394001	0.004065548	0.04208253	0.0377941	0.07866283	0.6048893						
ck_happy	20201109	S053-happy	0	MALE	FaceRecording-1	TestImage	AffRaw	20201109_132212247	600			4	1	640	490	13	0	34	0.03996943	2.1092E-07	0.172151	0.0003647481	2.480979	0	97.84158	175.6667	-8.797778	2.93015	-5.273004	0.2929417	8.16973E-08	0.0006456575	6.765901E-06	0.003832782	0.05288719	10.8804	0.05480918	0.4926295	0.003753587	0.002385937	0.01445698	0.4423418	0.003336722	0.2573599	0.003822004	0.1687224	0.002481988	0.005858657	0.05347224	0.03233825	0.2106433	0.7060645						
ck_happy	20201109	S053-happy	0	MALE	FaceRecording-1	TestImage	AffRaw	20201109_132212287	640			4	1	640	490	14	0	34	0.03127389	2.499644E-07	0.2587081	0.0004167547	5.839464	0.1337235	97.66604	175.1363	-7.834052	3.330086	-5.556582	0.2231985	1.199956E-07	0.00172094	7.169097E-06	0.005897008	0.05832048	16.60384	0.06287538	0.8886054	0.003996059	0.002312853	0.009497067	0.3945557	0.00641834	0.2968597	0.003069168	0.1368106	0.005990626	0.009793388	0.05763129	0.02885905	0.4947706	0.7523616						
ck_happy	20201109	S053-happy	0	MALE	FaceRecording-1	TestImage	AffRaw	20201109_132212327	680			4	1	640	490	15	0	34	0.02645898	2.736779E-07	0.45555	0.0004503738	12.08188	6.750453	97.85854	175.6967	-7.786709	2.889837	-5.185321	0.1761302	3.032449E-07	0.002005975	3.731849E-06	0.01174327	0.07896037	24.55758	0.08472715	1.30046	0.005243081	0.00199157	0.004785183	0.303638	0.0206029	0.362104	0.002058601	0.08952867	0.01319516	0.01835207	0.06604865	0.02713822	1.239861	0.8049315						
ck_happy	20201109	S053-happy	0	MALE	FaceRecording-1	TestImage	AffRaw	20201109_132212367	720			4	1	640	490	16	0	34	0.02154881	2.475881E-07	1.64822	0.0003403779	21.37801	16.60199	97.59322	173.889	-8.42872	3.487394	-5.554559	0.1290452	5.01791E-07	0.001948357	1.867971E-06	0.01808347	0.110712	32.36402	0.1049471	1.819623	0.004898188	0.00139238	0.001976958	0.1907987	0.1086351	0.4394664	0.001140976	0.0471268	0.02694658	0.03152415	0.06279408	0.02835293	2.469362	0.8011892						
ck_happy	20201109	S053-happy	0	MALE	FaceRecording-1	TestImage	AffRaw	20201109_132212407	760			4	1	640	490	17	0	34	0.01973161	2.708932E-07	8.967013	0.0003397024	33.77631	29.73101	97.82931	174.6229	-7.562562	2.9591	-5.059591	0.1140438	4.145467E-07	0.002293306	1.629214E-06	0.03238728	0.1330069	43.79089	0.1309011	2.109806	0.005988313	0.0008923206	0.0005901672	0.1044456	1.00792	0.5848951	0.0005318414	0.01918342	0.05041346	0.05121988	0.05459366	0.03304853	5.173686	0.8979062						
ck_happy	20201109	S053-happy	0	MALE	FaceRecording-1	TestImage	AffRaw	20201109_132212447	800			4	1	640	490	18	0	34	0.01792141	2.887804E-07	41.03018	0.0003440556	47.46097	44.22778	97.89121	174.6587	-8.1669	2.811301	-5.572318	0.1121186	3.781718E-07	0.002794416	1.655231E-06	0.05650451	0.1524095	52.1771	0.1399041	2.460845	0.005703461	0.000474301	0.0001791516	0.04968539	10.0178	0.72149	0.0002277008	0.007135496	0.08836632	0.07350942	0.03472783	0.05010465	7.932232	0.9846147						
ck_happy	20201109	S053-happy	0	MALE	FaceRecording-1	TestImage	AffRaw	20201109_132212487	840			4	1	640	490	19	0	34	0.01699782	2.968463E-07	80.87981	0.0003480163	60.09553	57.60417	97.80087	174.5646	-8.059901	3.025652	-5.018468	0.1193221	2.610243E-07	0.003020297	1.489259E-06	0.09083885	0.1935626	67.78012	0.1595331	2.581639	0.006366386	0.0003439999	4.585152E-05	0.02884752	53.89154	1.065501	0.0001094189	0.002802046	0.146599	0.1035065	0.02191713	0.0776666	12.5718	1.144901						
ck_happy	20201109	S053-happy	0	MALE	FaceRecording-1	TestImage	AffRaw	20201109_132212527	880			4	1	640	490	20	0	34	0.01514819	2.499744E-07	93.89182	0.0002943269	69.12758	67.18777	97.41065	173.9002	-8.203761	3.862346	-5.410428	0.1495091	1.132871E-07	0.00226197	9.744361E-07	0.155634	0.1466437	73.9921	0.1716712	2.25131	0.005767739	0.0002319996	2.045382E-05	0.01783373	85.15758	1.245578	6.503676E-05	0.001374141	0.226493	0.1360932	0.01024966	0.129182	16.01558	1.248858						
ck_happy	20201109	S053-happy	0	MALE	FaceRecording-1	TestImage	AffRaw	20201109_132212567	920			4	1	640	490	21	0	34	0.01478565	2.694267E-07	97.8293	0.0003076434	76.65721	75.15968	97.4819	175.7365	-8.708796	3.7192	-5.148516	0.1948295	1.225547E-07	0.002851288	1.208862E-06	0.2661169	0.1118257	81.38605	0.207759	2.136217	0.006136461	0.0001800726	9.695108E-06	0.0124067	95.74501	1.502939	4.469856E-05	0.0007717276	0.3344153	0.1796587	0.005496664	0.2102541	21.39698	1.484008						
ck_happy	20201109	S053-happy	0	MALE	FaceRecording-1	TestImage	AffRaw	20201109_132212607	960			4	1	640	490	22	0	34	0.01453235	2.984296E-07	99.00739	0.0003304601	82.2183	81.04904	97.57212	175.3266	-8.467546	3.53214	-5.349494	0.2495148	2.38444E-07	0.00327503	1.490774E-06	0.3823456	0.09248953	83.67999	0.2466471	1.594487	0.006211461	0.0001343619	6.211985E-06	0.008944473	98.31319	1.594007	3.217706E-05	0.0004800974	0.4738145	0.2818463	0.00399372	0.2852614	23.13633	1.549557						
ck_happy	20201109	S053-happy	0	MALE	FaceRecording-1	TestImage	AffRaw	20201109_132212647	1000			4	1	640	490	23	0	34	0.01369239	2.430579E-07	99.41418	0.0002976356	85.93834	85.03057	97.69592	174.4444	-9.127404	3.26411	-4.702505	0.2608787	1.878758E-07	0.00382746	1.817028E-06	0.445169	0.08692477	84.05997	0.3005807	1.531277	0.006655988	0.0001064135	4.785441E-06	0.007044621	99.08155	1.615358	2.85055E-05	0.0003607756	0.6620408	0.4667346	0.003162547	0.3387575	28.45732	1.73726						
