#Study : CKbyEmotion
#Date : 20191217 20:50:00
#Version : 7.2.15327.0
#TestRunDate : 20191217 19:48:23.371 (+02:00)

StudyName	ExportDate	Name	Age	Gender	StimulusName	SlideType	EventSource	Timestamp	MediaTime	PostMarker	Annotation	version	Number of faces	width	height	FrameIndex	faceid	#classifiers	Brow Furrow	Brow Raise	Engagement	Lip Corner Depressor	Smile	Valence	Attention	Interocular Distance	Pitch	Yaw	Roll	InnerBrowRaise	EyeClosure	NoseWrinkle	UpperLipRaise	LipSuck	LipPress	MouthOpen	ChinRaise	Smirk	LipPucker	Anger	Sadness	Disgust	Joy	Surprise	Fear	Contempt	Cheek Raise	Dimpler	Eye Widen	Lid Tighten	Lip Stretch	Jaw Drop	LiveMarker	KeyStroke	MarkerText	SceneType	SceneOutput	SceneParent
CKbyEmotion	20191217	S059-surprise	0	MALE	FaceRecording-1	TestImage	AffRaw	20191217_194823451	80			4	1	640	490	0	0	34	14.65351	0.000217829	0.2291025	0.0002160238	0.002474654	0	98.68432	149.1109	-8.70782	0.4121379	6.463972	0.1622226	2.800728E-08	0.005842438	0.000359393	8.826971E-05	0.005905421	0.2760179	0.001006849	3.156267E-05	0.006064834	0.006837069	0.07156688	0.4282759	0.0007047618	0.08128444	0.007582128	0.2533975	9.673696E-05	0.002725271	0.2581928	0.388902	0.0002232517	0.1157672						
CKbyEmotion	20191217	S059-surprise	0	MALE	FaceRecording-1	TestImage	AffRaw	20191217_194823491	120			4	1	640	490	1	0	34	10.80878	0.001770927	0.1771554	0.0001993167	0.001936747	0	98.73662	150.1877	-9.560063	-0.2066525	5.313435	0.08910991	2.026103E-08	0.01108238	0.00147457	0.0002940581	0.005653394	0.5134701	0.001080964	2.582056E-05	0.005697813	0.005004278	0.05336262	0.4303468	0.0009102254	0.1026452	0.006509052	0.2358242	8.470305E-05	0.003407872	0.03491524	0.3368661	0.0002075261	0.1424921						
CKbyEmotion	20191217	S059-surprise	0	MALE	FaceRecording-1	TestImage	AffRaw	20191217_194823531	160			4	1	640	490	2	0	34	11.29586	0.000373546	0.1808726	0.000283749	0.001608678	0	98.61923	149.43	-9.507234	-0.6568729	5.111166	0.08050627	6.994017E-09	0.003511081	0.0002847539	0.0002176035	0.006719732	0.3176283	0.0009888739	1.739297E-05	0.006686193	0.005170997	0.05570958	0.4285192	0.0008785226	0.0991265	0.006608762	0.2379882	4.756794E-05	0.002629445	0.01881299	0.3019577	0.000196521	0.1228614						
CKbyEmotion	20191217	S059-surprise	0	MALE	FaceRecording-1	TestImage	AffRaw	20191217_194823571	200			4	1	640	490	3	0	34	10.41688	0.0003381328	0.1695872	0.0001565321	0.002473489	0	98.71517	150.4394	-8.047614	-0.2919318	5.110077	0.07635462	9.458642E-10	0.002766205	0.0001760172	0.0004973125	0.008162605	0.2930668	0.001368145	1.278048E-05	0.008277083	0.004793399	0.05215112	0.4282259	0.0009302656	0.1045181	0.006419558	0.234092	6.581958E-05	0.004168191	0.0359588	0.2643578	0.0003062688	0.1631491						
CKbyEmotion	20191217	S059-surprise	0	MALE	FaceRecording-1	TestImage	AffRaw	20191217_194823611	240			4	1	640	490	4	0	34	7.482139	0.0007431621	0.1369766	0.0001409248	0.003663276	0	98.71378	149.0938	-5.926776	0.2974268	5.244658	0.06424972	1.645093E-10	0.003174574	0.0002238884	0.0007902689	0.008324037	0.2334329	0.001623492	1.785205E-05	0.01004982	0.00372892	0.04177	0.4277331	0.00112626	0.1245131	0.005873465	0.2215669	9.645875E-05	0.005002738	0.1274286	0.1646616	0.0003835794	0.1613653						
CKbyEmotion	20191217	S059-surprise	0	MALE	FaceRecording-1	TestImage	AffRaw	20191217_194823651	280			4	1	640	490	5	0	34	3.607918	0.002132829	0.1040462	0.0001331326	0.004803498	0	98.69018	148.7816	-4.188789	-0.3895184	5.696919	0.04952385	9.070377E-12	0.002635508	0.0002450607	0.001446902	0.009533961	0.2533954	0.002141805	1.6584E-05	0.01211479	0.002840871	0.02932305	0.4278188	0.001452068	0.1599946	0.006208062	0.206057	0.000114225	0.005827698	1.974636	0.1060082	0.0005653776	0.1556476						
CKbyEmotion	20191217	S059-surprise	0	MALE	FaceRecording-1	TestImage	AffRaw	20191217_194823691	320			4	1	640	490	6	0	34	0.9853796	0.002592873	0.08642536	9.868189E-05	0.006390417	0	98.59569	147.5114	-4.627004	-0.7425756	5.542379	0.04946186	9.183034E-13	0.0009147523	0.0001144901	0.001905343	0.01340571	0.2757044	0.002159073	1.498316E-05	0.01686314	0.003482313	0.01577837	0.4278739	0.001725114	0.2125564	0.02018446	0.1961658	0.0001153212	0.005257641	14.64184	0.08485132	0.0007868487	0.155122						
CKbyEmotion	20191217	S059-surprise	0	MALE	FaceRecording-1	TestImage	AffRaw	20191217_194823731	360			4	1	640	490	7	0	34	0.2555439	0.1784038	0.09518775	0.0001027919	0.006677158	0	98.61207	145.7614	-3.06388	-0.6830969	5.03665	0.05382318	2.692926E-11	0.0001052678	4.6327E-05	0.001692894	0.02895134	2.358748	0.002448197	2.10826E-05	0.03446197	0.01706987	0.002639769	0.4442838	0.001868675	0.3893572	2.747052	0.1935008	8.062737E-05	0.00465376	64.42772	0.04859739	0.0009903641	0.3781507						
CKbyEmotion	20191217	S059-surprise	0	MALE	FaceRecording-1	TestImage	AffRaw	20191217_194823771	400			4	1	640	490	8	0	34	0.0629329	10.56982	0.5019859	0.0001338512	0.006691845	0	98.60732	145.5496	-2.0008	-0.7004507	5.774634	0.07792815	6.086175E-11	6.118385E-06	1.138098E-05	0.002658038	0.05729254	15.37968	0.003129504	2.096435E-05	0.07522789	0.02420597	0.0005367928	0.5622609	0.001706599	1.224769	21.17025	0.1928044	5.492352E-05	0.003834584	90.99908	0.0327328	0.001079768	1.957455						
CKbyEmotion	20191217	S059-surprise	0	MALE	FaceRecording-1	TestImage	AffRaw	20191217_194823811	440			4	1	640	490	9	0	34	0.02539813	90.9712	96.33196	0.0001734631	0.003188947	0	98.59587	147.02	0.7578868	0.7419314	5.293669	0.09945144	1.598297E-10	2.897913E-07	3.36511E-06	0.005210667	0.09316968	54.78285	0.006044943	2.860153E-05	0.2187517	0.0005649927	1.480078E-05	1.144396	0.0002519573	69.0461	3.31472	0.1927196	1.825033E-05	0.003704354	98.96941	0.02462324	0.001205124	7.199234						
CKbyEmotion	20191217	S059-surprise	0	MALE	FaceRecording-1	TestImage	AffRaw	20191217_194823851	480			4	1	640	490	10	0	34	0.01276658	99.8018	99.66119	0.0001718849	0.002338599	0	97.72829	146.3717	1.595622	3.191714	5.63587	0.1095433	1.118148E-09	2.411755E-08	1.775512E-06	0.01149093	0.2979048	79.77532	0.01200552	4.333248E-05	0.6066403	0.0003734203	4.997109E-06	1.790441	0.0002974818	88.38491	2.114139	0.1926867	1.17095E-05	0.004256978	99.81657	0.01517849	0.001711849	14.76662						
CKbyEmotion	20191217	S059-surprise	0	MALE	FaceRecording-1	TestImage	AffRaw	20191217_194823891	520			4	1	640	490	11	0	34	0.008357227	99.99342	99.84993	0.0001759398	0.001774945	0	96.10058	144.5569	2.147699	5.977166	5.67029	0.1165748	4.404075E-10	1.612785E-09	5.237154E-07	0.02124477	0.7358159	91.011	0.02636573	6.558019E-05	1.657009	0.0003717634	3.378822E-06	2.186383	0.0003626953	92.99887	1.380681	0.1926793	7.4277E-06	0.004186081	99.95853	0.01265338	0.002405042	28.00772						
CKbyEmotion	20191217	S059-surprise	0	MALE	FaceRecording-1	TestImage	AffRaw	20191217_194823931	560			4	1	640	490	12	0	34	0.006054756	99.99972	99.89494	0.0001634159	0.001333449	0	96.84396	142.8032	1.801455	4.881084	5.737448	0.1101333	9.727299E-10	8.357907E-11	1.267162E-07	0.02121249	1.074383	96.00197	0.0318745	8.723701E-05	4.1229	0.0003720744	2.840195E-06	2.389157	0.0003970968	95.91183	0.6657223	0.1926779	4.58676E-06	0.003569531	99.98603	0.009358629	0.002519508	50.17984						
CKbyEmotion	20191217	S059-surprise	0	MALE	FaceRecording-1	TestImage	AffRaw	20191217_194823971	600			4	1	640	490	13	0	34	0.003463062	99.99998	99.91544	0.000146681	0.001129324	0	95.63713	142.047	1.141628	6.562841	6.706443	0.09942804	1.205614E-09	1.150173E-11	5.36375E-08	0.02939507	1.363816	99.04481	0.05876393	0.0001172722	8.517714	0.0003727631	2.550221E-06	2.520662	0.0004197386	97.37441	0.353773	0.1926721	3.207264E-06	0.002877089	99.99811	0.00533695	0.002518201	69.26888						
CKbyEmotion	20191217	S059-surprise	0	MALE	FaceRecording-1	TestImage	AffRaw	20191217_194824011	640			4	1	640	490	14	0	34	0.003191825	99.99998	99.91933	0.0001724378	0.001374115	0	96.88705	138.8385	-3.938434	4.810114	6.073414	0.09127446	3.120516E-10	1.88354E-11	8.408191E-08	0.01789725	0.5362719	99.70343	0.09209079	9.27315E-05	17.15187	0.0003730704	2.528373E-06	2.551532	0.0004248196	98.09188	0.2112572	0.1926671	3.670553E-06	0.00160916	99.99977	0.003293634	0.001778121	84.77871						
CKbyEmotion	20191217	S059-surprise	0	MALE	FaceRecording-1	TestImage	AffRaw	20191217_194824051	680			4	1	640	490	15	0	34	0.003953515	99.99998	99.92043	0.0002269318	0.00156085	0	96.52779	142.188	-16.61682	5.374797	7.739416	0.07442062	8.654759E-10	1.958487E-10	3.133923E-07	0.012198	0.2784353	99.89404	0.1844635	6.060321E-05	25.36429	0.0003743459	2.520683E-06	2.560757	0.0004262859	98.26891	0.1803953	0.1926664	4.437161E-06	0.0004276997	99.99996	0.002242288	0.0007930585	89.51753						
CKbyEmotion	20191217	S059-surprise	0	MALE	FaceRecording-1	TestImage	AffRaw	20191217_194824091	720			4	1	640	490	16	0	34	0.004825122	99.99998	99.92088	0.0002384568	0.0009385924	0	97.87996	143.1711	-14.48004	2.838483	10.84026	0.04076413	5.461979E-09	6.169265E-10	3.513377E-07	0.01333228	0.1332663	99.97469	0.2207034	5.212383E-05	30.86305	0.0003752835	2.514579E-06	2.564333	0.0004268436	98.12264	0.2073055	0.1926784	2.422712E-06	0.0002163881	99.99998	0.001749281	0.000438874	85.32321						
CKbyEmotion	20191217	S059-surprise	0	MALE	FaceRecording-1	TestImage	AffRaw	20191217_194824131	760			4	1	640	490	17	0	34	0.004630867	100	99.92099	0.000261541	0.0007887661	0	98.66284	140.9121	-12.51988	-0.4941646	10.02166	0.03950416	7.668397E-09	9.246055E-10	2.750826E-07	0.01526964	0.05717412	99.99606	0.199042	4.632404E-05	38.30066	0.0003750621	2.515668E-06	2.565077	0.0004270044	97.8826	0.2544764	0.1926797	1.81313E-06	0.0001842615	100	0.001629041	0.0004079646	79.1581						
