#Study : ck_happy
#Date : 20201109 13:28:55
#Version : 7.2.17995.2
#TestRunDate : 20201109 13:22:11.014 (+02:00)

StudyName	ExportDate	Name	Age	Gender	StimulusName	SlideType	EventSource	Timestamp	MediaTime	PostMarker	Annotation	version	Number of faces	width	height	FrameIndex	faceid	#classifiers	Brow Furrow	Brow Raise	Engagement	Lip Corner Depressor	Smile	Valence	Attention	Interocular Distance	Pitch	Yaw	Roll	InnerBrowRaise	EyeClosure	NoseWrinkle	UpperLipRaise	LipSuck	LipPress	MouthOpen	ChinRaise	Smirk	LipPucker	Anger	Sadness	Disgust	Joy	Surprise	Fear	Contempt	Cheek Raise	Dimpler	Eye Widen	Lid Tighten	Lip Stretch	Jaw Drop	LiveMarker	KeyStroke	MarkerText	SceneType	SceneOutput	SceneParent
ck_happy	20201109	S035-happy	0	MALE	FaceRecording-1	TestImage	AffRaw	20201109_132211094	80			4	1	640	490	0	0	34	0.1602146	0.000457738	0.163133	0.000675147	0.1169258	-12.55923	98.38029	116.9982	-9.813468	-1.467013	-1.855323	0.4201107	1.127669E-10	2.776134	44.66018	0.0003418881	0.00188532	7.389683	0.003618259	7.620301E-06	0.004022233	0.00544717	0.006969237	3.732679	0.002110242	0.3150899	0.09792453	0.1915681	0.0647452	0.0001874823	30.71672	0.071339	0.0001452811	0.1183464						
ck_happy	20201109	S035-happy	0	MALE	FaceRecording-1	TestImage	AffRaw	20201109_132211134	120			4	1	640	490	1	0	34	0.1808137	0.0007940847	0.1450569	0.001588173	0.03628805	0	98.56026	116.5623	-11.24161	0.868946	0.1680239	0.3316897	7.877177E-11	1.245156	20.94167	0.001530268	0.007024235	7.273978	0.006036555	2.055756E-05	0.004686212	0.00251697	0.01831478	1.267696	0.002075382	0.2373176	0.005410594	0.1928025	0.01135706	0.005806983	1.870985	0.04474973	0.003319554	0.6233034						
ck_happy	20201109	S035-happy	0	MALE	FaceRecording-1	TestImage	AffRaw	20201109_132211174	160			4	1	640	490	2	0	34	0.139767	0.000854677	0.1309163	0.0005437578	0.02925726	0	98.66068	116.1904	-11.11735	0.5024073	-1.165317	0.3066102	2.091948E-10	0.8983459	15.69586	0.002265798	0.004342012	6.182853	0.006507637	6.402608E-05	0.002305105	0.002422495	0.01899848	0.9760251	0.002037738	0.2311261	0.005328371	0.1927568	0.007935727	0.003431202	1.734085	0.04520699	0.002744799	0.6325442						
ck_happy	20201109	S035-happy	0	MALE	FaceRecording-1	TestImage	AffRaw	20201109_132211214	200			4	1	640	490	3	0	34	0.1919221	0.001385792	0.1597287	0.0003259557	0.04675967	-3.306	98.70815	116.323	-11.30589	0.3195762	-0.6419606	0.267015	1.240067E-10	1.841888	29.34422	0.002162297	0.007468659	8.028211	0.006687124	8.840886E-05	0.00449984	0.002587089	0.01785973	1.899433	0.002106072	0.240948	0.005339597	0.1926929	0.01567025	0.01748362	1.744473	0.03370614	0.007665639	0.6011999						
ck_happy	20201109	S035-happy	0	MALE	FaceRecording-1	TestImage	AffRaw	20201109_132211254	240			4	1	640	490	4	0	34	0.1489553	0.001188756	0.208617	0.0003059395	0.1167815	-7.436699	98.52776	116.4401	-10.239	0.9822488	-0.004729569	0.2626982	2.41004E-11	2.339633	36.23596	0.002146189	0.00732772	11.27565	0.008108547	0.0001104896	0.004132562	0.002859831	0.01473047	2.756973	0.002266291	0.2674546	0.006691513	0.1915319	0.03799001	0.01743855	4.031744	0.03454231	0.006233749	0.5058774						
ck_happy	20201109	S035-happy	0	MALE	FaceRecording-1	TestImage	AffRaw	20201109_132211294	280			4	1	640	490	5	0	34	0.1261481	0.0008619161	0.4537953	0.0003550329	0.3702129	-5.6353	98.70007	115.5059	-9.491686	-0.3511319	0.7948054	0.2748356	1.519742E-10	2.455303	33.54077	0.001470453	0.01088068	22.07447	0.009982156	0.0001384755	0.004087879	0.00402073	0.009288985	2.980523	0.002879035	0.3626377	0.008320887	0.1878529	0.1027093	0.04172315	6.532176	0.03526362	0.00941898	0.947883						
ck_happy	20201109	S035-happy	0	MALE	FaceRecording-1	TestImage	AffRaw	20201109_132211334	320			4	1	640	490	6	0	34	0.1290471	0.000822859	2.198519	0.0002532817	0.8226833	-7.328766	98.73819	113.7396	-9.034615	0.2003684	0.7171893	0.2895313	1.556551E-09	2.985857	36.9474	0.0005621334	0.01729138	43.88197	0.009190192	0.0002021764	0.003228334	0.008068624	0.004027968	5.076427	0.004607978	0.6467077	0.01005052	0.1816074	0.2177886	0.03191643	8.921446	0.03878291	0.009807014	1.555207						
ck_happy	20201109	S035-happy	0	MALE	FaceRecording-1	TestImage	AffRaw	20201109_132211374	360			4	1	640	490	7	0	34	0.08233198	0.0005480695	8.446369	0.0002141388	2.274118	0	98.67177	114.3181	-10.73486	0.460256	1.394118	0.3366302	1.296792E-09	1.774671	19.74042	0.0003786864	0.01710206	64.86069	0.007812094	0.0002822465	0.002908905	0.01465769	0.001524138	3.064094	0.008582754	1.157161	0.01527619	0.1627656	0.4638468	0.02941977	14.18504	0.04599434	0.01515638	1.862551						
ck_happy	20201109	S035-happy	0	MALE	FaceRecording-1	TestImage	AffRaw	20201109_132211414	400			4	1	640	490	8	0	34	0.03648195	0.0002764044	15.73145	0.0001754859	7.473469	0.2241175	98.76358	113.1734	-11.17762	-0.09744278	0.6180831	0.3577881	1.309783E-09	0.518738	3.372031	0.0003962827	0.01968912	75.98441	0.009915859	0.0004570238	0.002828795	0.01495201	0.0006322897	1.245159	0.0246717	1.615243	0.01720033	0.1101723	1.027217	0.01921291	18.996	0.05407901	0.01552384	2.302449						
ck_happy	20201109	S035-happy	0	MALE	FaceRecording-1	TestImage	AffRaw	20201109_132211454	440			4	1	640	490	9	0	34	0.01912728	0.0001423521	20.22746	0.0001861411	19.46595	15.16256	98.76762	112.8937	-11.16651	-0.08085693	-0.2410177	0.3575465	8.213317E-09	0.1523976	0.4047868	0.0004770714	0.01510756	80.63766	0.01329799	0.0005662372	0.002366614	0.007848106	0.0002212686	0.5349988	0.1909751	1.883788	0.0100676	0.04483323	2.119741	0.01878127	21.81983	0.07756342	0.02498595	2.849093						
ck_happy	20201109	S035-happy	0	MALE	FaceRecording-1	TestImage	AffRaw	20201109_132211494	480			4	1	640	490	10	0	34	0.01049425	8.564799E-05	24.70442	0.0001462846	37.8746	35.83419	98.56767	113.0813	-11.54089	-0.8427781	-0.1125791	0.3490573	2.915992E-08	0.03049614	0.02837743	0.0006100793	0.01209292	84.36735	0.01744453	0.0005335333	0.00210965	0.002606215	5.098814E-05	0.1680359	3.999566	2.136251	0.004164917	0.01127368	4.248319	0.01417909	25.27149	0.09470897	0.03378921	2.861099						
ck_happy	20201109	S035-happy	0	MALE	FaceRecording-1	TestImage	AffRaw	20201109_132211534	520			4	1	640	490	11	0	34	0.008338393	9.055871E-05	76.72105	0.0001409674	58.34838	58.95077	98.55671	112.565	-11.41563	-0.8814748	1.04679	0.349708	4.97174E-08	0.009102746	0.002858569	0.0008870619	0.01049335	88.35786	0.02394189	0.0005494892	0.001880192	0.0007610323	8.37676E-06	0.047365	56.08921	2.597123	0.002648425	0.002427805	7.563084	0.0178107	34.51451	0.1169457	0.06678623	3.247919						
ck_happy	20201109	S035-happy	0	MALE	FaceRecording-1	TestImage	AffRaw	20201109_132211574	560			4	1	640	490	12	0	34	0.006172237	7.232866E-05	97.76977	0.0001261538	76.46356	80.49952	98.70273	114.1129	-11.38714	-0.3407416	0.4844348	0.3507151	8.792061E-09	0.002256586	0.0002374857	0.0012255	0.009084449	90.71983	0.02865941	0.0003899125	0.001433536	0.0002463697	1.977993E-06	0.0151147	96.27512	2.838363	0.001300419	0.0006239467	13.12019	0.01476628	39.22121	0.1433454	0.1002035	2.499807						
ck_happy	20201109	S035-happy	0	MALE	FaceRecording-1	TestImage	AffRaw	20201109_132211614	600			4	1	640	490	13	0	34	0.004042491	5.941525E-05	99.44953	0.000105336	86.37645	94.31079	98.78503	114.8818	-11.16064	-0.008837441	0.6805883	0.3414653	1.406948E-09	0.0004980277	1.518494E-05	0.001583497	0.01050273	94.26324	0.04024187	0.0003260338	0.001433142	0.0001434908	7.664047E-07	0.008427991	99.28882	3.258787	0.001107879	0.0002966506	20.93153	0.02864837	44.2716	0.1828154	0.1611401	2.671444						
ck_happy	20201109	S035-happy	0	MALE	FaceRecording-1	TestImage	AffRaw	20201109_132211654	640			4	1	640	490	14	0	34	0.003137982	5.027641E-05	99.76569	0.0001109804	92.37765	99.87232	98.61397	115.2742	-10.28578	-0.6761528	0.7172483	0.3327443	1.266332E-08	0.0002000321	2.332349E-06	0.001575633	0.01068538	96.51341	0.05302732	0.0002097835	0.001425809	0.0001041631	2.406059E-07	0.005935173	99.74315	4.182996	0.005777058	0.0001891303	30.0188	0.02398618	64.75603	0.272261	0.1796401	2.586137						
ck_happy	20201109	S035-happy	0	MALE	FaceRecording-1	TestImage	AffRaw	20201109_132211694	680			4	1	640	490	15	0	34	0.002862276	4.685008E-05	99.84949	0.0001196593	95.48161	99.87064	98.54858	114.4028	-9.968629	-0.9099643	0.8321033	0.3074084	1.612941E-07	0.0003322597	1.887947E-06	0.001737832	0.01760985	98.18455	0.07661548	0.000159175	0.001555188	9.017564E-05	1.263004E-07	0.005006322	99.84991	4.87576	0.01459161	0.000149849	39.83932	0.03162707	76.15703	0.3921622	0.2828761	2.846462						
ck_happy	20201109	S035-happy	0	MALE	FaceRecording-1	TestImage	AffRaw	20201109_132211734	720			4	1	640	490	16	0	34	0.002243828	3.999549E-05	99.88138	0.0001055084	97.15025	99.86305	98.77957	115.1723	-10.36676	0.03155824	0.01486179	0.3012341	6.552791E-08	0.0003807948	1.302597E-06	0.001635738	0.02194852	98.86913	0.1029942	0.0001095137	0.001462083	8.357886E-05	9.800966E-08	0.004550458	99.88714	5.099538	0.0188385	0.0001322197	50.21932	0.02188188	79.72726	0.6371246	0.3097672	2.571425						
ck_happy	20201109	S035-happy	0	MALE	FaceRecording-1	TestImage	AffRaw	20201109_132211774	760			4	1	640	490	17	0	34	0.001970795	3.150659E-05	99.89902	9.594342E-05	98.27892	99.8493	98.70995	116.2477	-10.03558	-0.3124321	-0.5635263	0.3284993	2.71889E-08	0.0003953533	7.411508E-07	0.001849508	0.02402598	99.32805	0.1169743	8.098811E-05	0.001585038	7.9972E-05	8.568077E-08	0.004272978	99.90694	5.23386	0.02006306	0.0001214867	59.56505	0.02184567	81.09687	0.9769676	0.455243	2.655684						
