#Study : CKbyEmotion
#Date : 20191217 20:50:00
#Version : 7.2.15327.0
#TestRunDate : 20191217 19:48:23.221 (+02:00)

StudyName	ExportDate	Name	Age	Gender	StimulusName	SlideType	EventSource	Timestamp	MediaTime	PostMarker	Annotation	version	Number of faces	width	height	FrameIndex	faceid	#classifiers	Brow Furrow	Brow Raise	Engagement	Lip Corner Depressor	Smile	Valence	Attention	Interocular Distance	Pitch	Yaw	Roll	InnerBrowRaise	EyeClosure	NoseWrinkle	UpperLipRaise	LipSuck	LipPress	MouthOpen	ChinRaise	Smirk	LipPucker	Anger	Sadness	Disgust	Joy	Surprise	Fear	Contempt	Cheek Raise	Dimpler	Eye Widen	Lid Tighten	Lip Stretch	Jaw Drop	LiveMarker	KeyStroke	MarkerText	SceneType	SceneOutput	SceneParent
CKbyEmotion	20191217	S057-surprise	0	MALE	FaceRecording-1	TestImage	AffRaw	20191217_194823301	80			4	1	640	490	0	0	34	0.001983564	2.004312	0.09757873	0.0001478182	0.004932814	0	95.82866	147.5796	-16.20116	6.328375	-2.249084	0.05893231	8.975409E-13	7.990642E-07	3.698486E-07	0.005313636	0.00582946	0.9576294	0.0003290299	1.947003E-05	0.02010113	0.001888311	0.02096269	0.4330836	0.001744224	0.2225527	0.005044685	0.1926098	1.722588E-05	0.002027624	1.74529	0.002437567	0.0008328372	0.08988917						
CKbyEmotion	20191217	S057-surprise	0	MALE	FaceRecording-1	TestImage	AffRaw	20191217_194823341	120			4	1	640	490	1	0	34	0.0005238063	20.15304	0.3516217	0.0001287996	0.002374185	0	96.79726	145.9996	-16.80345	4.956927	-4.239007	0.04428578	1.066137E-12	3.21317E-08	8.999186E-09	0.006167189	0.004822882	0.7910932	0.000406495	1.549225E-05	0.04189387	0.0007819266	0.01304725	0.4318535	0.0009598372	0.5522337	0.002963222	0.1926415	2.762626E-06	0.002433568	2.500266	0.00230456	0.0008742418	0.1648368						
CKbyEmotion	20191217	S057-surprise	0	MALE	FaceRecording-1	TestImage	AffRaw	20191217_194823381	160			4	1	640	490	2	0	34	0.0002902794	17.88315	0.2958512	0.000119626	0.001885705	0	97.3045	144.727	-16.16816	4.068673	-4.755899	0.04304286	4.157333E-12	7.022074E-09	1.593844E-09	0.007069048	0.004245112	0.6353653	0.0004881236	1.959785E-05	0.05464598	0.00107908	0.01126782	0.4306931	0.001030866	0.5230581	0.005971422	0.1926477	1.366285E-06	0.002238346	8.755546	0.002927871	0.0008390995	0.1785281						
CKbyEmotion	20191217	S057-surprise	0	MALE	FaceRecording-1	TestImage	AffRaw	20191217_194823421	200			4	1	640	490	3	0	34	0.0001223688	11.72222	0.1904597	0.0001175442	0.001552208	0	96.58027	144.7175	-15.42299	5.295925	-4.657142	0.02780755	3.217432E-12	2.759441E-09	5.675864E-10	0.005543598	0.004235274	0.6156846	0.0004409402	1.826929E-05	0.07266399	0.001379368	0.01399342	0.4307289	0.001260648	0.3774291	0.006069624	0.1926519	8.153311E-07	0.002374563	6.866585	0.003048292	0.0007997688	0.1760551						
CKbyEmotion	20191217	S057-surprise	0	MALE	FaceRecording-1	TestImage	AffRaw	20191217_194823461	240			4	1	640	490	4	0	34	6.654453E-05	15.79058	0.2544749	0.0001124898	0.001787522	0	96.91421	145.6955	-14.08792	4.764917	-5.124191	0.01992012	1.110249E-12	1.755453E-09	4.621333E-10	0.004988722	0.003954382	0.612963	0.0004360513	1.901604E-05	0.0862008	0.001385604	0.0102652	0.4309592	0.001103485	0.4913447	0.00989124	0.1926484	7.903304E-07	0.002426713	13.09803	0.003002013	0.0009509175	0.1459177						
CKbyEmotion	20191217	S057-surprise	0	MALE	FaceRecording-1	TestImage	AffRaw	20191217_194823501	280			4	1	640	490	5	0	34	4.194559E-05	46.16599	2.279556	0.0001219823	0.002176716	0	96.35102	145.565	-13.82403	5.632252	-4.466309	0.01521599	9.769622E-13	1.281884E-09	4.78954E-10	0.004596137	0.004211423	1.220194	0.0004173246	1.783707E-05	0.110087	0.000459572	0.003107476	0.4358917	0.0004129133	2.527787	0.01247527	0.1926426	8.549634E-07	0.002763273	25.54971	0.002466627	0.000962457	0.1586841						
CKbyEmotion	20191217	S057-surprise	0	MALE	FaceRecording-1	TestImage	AffRaw	20191217_194823541	320			4	1	640	490	6	0	34	2.735148E-05	69.67758	12.52255	0.0001041222	0.003718976	0	96.30481	145.2561	-13.27709	5.697582	-3.974756	0.01009195	1.607387E-12	1.239846E-09	6.689538E-10	0.003958487	0.003458194	3.108507	0.0004071853	2.316206E-05	0.1203677	0.0002204659	0.001042565	0.450914	0.0001980175	9.142321	0.02135505	0.1926204	1.449714E-06	0.002866009	38.77941	0.00182073	0.0009934724	0.2016868						
CKbyEmotion	20191217	S057-surprise	0	MALE	FaceRecording-1	TestImage	AffRaw	20191217_194823581	360			4	1	640	490	7	0	34	5.414306E-05	94.14191	67.13995	0.0001069288	0.005259853	0	95.64645	146.2711	-12.94762	6.551668	-4.194058	0.009241787	1.349546E-06	1.179327E-09	1.309276E-09	0.003478277	0.005627967	15.86139	0.0004040855	3.141588E-05	0.1366651	7.658153E-05	0.0003131343	0.568332	0.0001121488	33.14719	0.01546296	0.1925985	2.549885E-06	0.002752522	43.75715	0.002668955	0.0009650893	0.3540841						
CKbyEmotion	20191217	S057-surprise	0	MALE	FaceRecording-1	TestImage	AffRaw	20191217_194823621	400			4	1	640	490	8	0	34	5.361526E-05	99.52235	96.05668	9.61629E-05	0.00541336	0	95.59359	144.5111	-12.70313	6.614773	-3.310632	0.01355833	30.38369	1.07769E-09	2.959161E-09	0.002750294	0.008889475	45.17848	0.0004213324	6.743716E-05	0.1841633	5.467053E-05	0.000110271	0.968677	0.0001602608	57.12191	0.01042946	0.192597	2.667119E-06	0.002754367	41.72258	0.005176445	0.0009562403	0.6876584						
CKbyEmotion	20191217	S057-surprise	0	MALE	FaceRecording-1	TestImage	AffRaw	20191217_194823661	440			4	1	640	490	9	0	34	6.488919E-05	99.90656	99.72089	8.240545E-05	0.00637235	0	94.46452	146.9809	-11.29548	7.814766	-3.663878	0.02062468	8.23886	1.537842E-09	1.038203E-08	0.002146533	0.01412898	82.39305	0.0004382124	7.160044E-05	0.4671548	0.00012622	2.843325E-05	1.888981	0.0003113791	78.24605	0.01385979	0.1925833	3.148279E-06	0.002588969	44.89126	0.007680574	0.000949245	1.27938						
CKbyEmotion	20191217	S057-surprise	0	MALE	FaceRecording-1	TestImage	AffRaw	20191217_194823701	480			4	1	640	490	10	0	34	4.800186E-05	99.98274	99.83772	7.075728E-05	0.007076279	0	94.48381	145.3513	-9.855365	7.796295	-5.049033	0.02717745	2.118228E-05	1.973788E-09	3.61509E-08	0.001974109	0.01825857	89.925	0.0004815515	8.336058E-05	1.109156	0.0001615065	2.044224E-05	2.151696	0.0003562308	81.99454	0.0168487	0.1925733	3.606946E-06	0.002448954	47.21053	0.007012623	0.000873765	2.303432						
CKbyEmotion	20191217	S057-surprise	0	MALE	FaceRecording-1	TestImage	AffRaw	20191217_194823741	520			4	1	640	490	11	0	34	3.529183E-05	99.9983	99.88919	7.541748E-05	0.007909089	0	94.18188	144.7034	-9.410351	8.078745	-4.668395	0.04344217	6.887293E-09	1.554368E-09	8.463089E-08	0.001584101	0.02831662	95.25766	0.000510343	9.496383E-05	2.509003	0.0001926108	1.240158E-05	2.364695	0.0003923537	85.77803	0.04077976	0.1925615	4.013706E-06	0.002137049	56.88556	0.00621871	0.0007621668	4.794818						
CKbyEmotion	20191217	S057-surprise	0	MALE	FaceRecording-1	TestImage	AffRaw	20191217_194823781	560			4	1	640	490	12	0	34	3.239283E-05	99.99979	99.90319	8.141463E-05	0.007712404	0	94.84521	143.4171	-9.062268	7.438409	-4.182729	0.05957073	2.266013E-09	1.456285E-09	1.800011E-07	0.001552289	0.03129131	97.14935	0.000607022	9.407417E-05	4.036725	0.0002049871	7.686508E-06	2.444753	0.0004060502	88.43264	0.127607	0.1925643	4.042471E-06	0.001767395	69.37463	0.005454442	0.0006527968	8.019746						
CKbyEmotion	20191217	S057-surprise	0	MALE	FaceRecording-1	TestImage	AffRaw	20191217_194823821	600			4	1	640	490	13	0	34	2.936894E-05	99.99996	99.91522	7.662215E-05	0.007673362	0	95.25576	143.6718	-8.672772	7.00183	-4.306852	0.07499222	6.650862E-10	1.091534E-09	2.886241E-07	0.001184679	0.02166324	99.00839	0.0007417036	9.950259E-05	6.885455	0.000217947	4.570011E-06	2.5246	0.0004200049	91.1177	0.4204468	0.1925649	4.226707E-06	0.001516188	83.14995	0.005163311	0.0005747603	13.49431						
CKbyEmotion	20191217	S057-surprise	0	MALE	FaceRecording-1	TestImage	AffRaw	20191217_194823861	640			4	1	640	490	14	0	34	2.482698E-05	99.99998	99.91927	6.991793E-05	0.00769928	0	94.9193	144.3995	-9.655558	7.362105	-4.666959	0.08808593	5.230864E-11	2.184871E-10	9.943182E-08	0.0009954356	0.01072811	99.6925	0.0008332162	0.0001059835	8.366529	0.0002950593	3.209878E-06	2.554758	0.0004252631	92.67397	0.9687978	0.1925648	4.207202E-06	0.001280455	93.09602	0.00462573	0.0005537099	18.13115						
CKbyEmotion	20191217	S057-surprise	0	MALE	FaceRecording-1	TestImage	AffRaw	20191217_194823901	680			4	1	640	490	15	0	34	2.298284E-05	100	99.9206	7.080554E-05	0.007309017	0	95.04276	144.2167	-8.207996	7.232613	-4.447822	0.1282572	9.169392E-11	1.472167E-10	9.606871E-08	0.0007992313	0.006558999	99.92632	0.0009999855	0.0001151543	11.51215	0.0003312426	2.841181E-06	2.56525	0.0004270476	93.97366	1.040948	0.1925705	3.984948E-06	0.001133217	96.60584	0.004060627	0.0005085279	26.50465						
CKbyEmotion	20191217	S057-surprise	0	MALE	FaceRecording-1	TestImage	AffRaw	20191217_194823941	720			4	1	640	490	16	0	34	2.087103E-05	100	99.92091	7.171941E-05	0.007404644	0	94.43934	144.3188	-8.58909	7.8388	-4.717216	0.2284068	2.507271E-10	8.279369E-11	7.767753E-08	0.0006485208	0.005622404	99.98051	0.001108181	0.0001237969	12.77555	0.0003528184	2.671528E-06	2.566979	0.0004274751	94.5425	1.109563	0.1925693	4.126717E-06	0.0009581271	98.59937	0.00375129	0.000468951	30.59925						
CKbyEmotion	20191217	S057-surprise	0	MALE	FaceRecording-1	TestImage	AffRaw	20191217_194823981	760			4	1	640	490	17	0	34	2.239822E-05	100	99.92099	7.59387E-05	0.007495951	0	94.55255	143.521	-8.029424	7.729955	-3.921387	0.4028598	2.114542E-10	9.275602E-11	1.000461E-07	0.0005638645	0.004624989	99.99571	0.001267915	0.000130408	14.59859	0.0003598547	2.633252E-06	2.567722	0.0004275994	95.35123	0.9260153	0.1925682	4.285912E-06	0.0008151819	99.36636	0.003601982	0.0004396733	38.46775						
CKbyEmotion	20191217	S057-surprise	0	MALE	FaceRecording-1	TestImage	AffRaw	20191217_194824021	800			4	1	640	490	18	0	34	2.154406E-05	100	99.921	7.773212E-05	0.007621091	0	94.5188	142.5594	-8.407837	7.762628	-3.88037	0.7055068	3.040541E-10	1.246862E-10	1.258471E-07	0.000450776	0.004430109	99.9986	0.001335902	0.0001354488	15.12599	0.0003594136	2.66292E-06	2.567831	0.0004276308	95.6981	0.8478386	0.1925664	4.372796E-06	0.0005944449	99.63257	0.003647711	0.0003961345	42.08713						
