#Study : CKbyEmotion
#Date : 20191217 20:50:00
#Version : 7.2.15327.0
#TestRunDate : 20191217 19:48:22.679 (+02:00)

StudyName	ExportDate	Name	Age	Gender	StimulusName	SlideType	EventSource	Timestamp	MediaTime	PostMarker	Annotation	version	Number of faces	width	height	FrameIndex	faceid	#classifiers	Brow Furrow	Brow Raise	Engagement	Lip Corner Depressor	Smile	Valence	Attention	Interocular Distance	Pitch	Yaw	Roll	InnerBrowRaise	EyeClosure	NoseWrinkle	UpperLipRaise	LipSuck	LipPress	MouthOpen	ChinRaise	Smirk	LipPucker	Anger	Sadness	Disgust	Joy	Surprise	Fear	Contempt	Cheek Raise	Dimpler	Eye Widen	Lid Tighten	Lip Stretch	Jaw Drop	LiveMarker	KeyStroke	MarkerText	SceneType	SceneOutput	SceneParent
CKbyEmotion	20191217	S050-surprise	0	MALE	FaceRecording-1	TestImage	AffRaw	20191217_194822759	80			4	1	640	490	0	0	34	4.269724E-06	1.122378E-09	0.07957242	0.0005741062	3.174588E-06	0	96.49409	117.1999	2.119635	5.424837	-3.233601	0.01589866	5.741928E-13	1.767755E-12	2.271919E-14	0.04859274	0.005016224	0.02015442	0.01075616	0.001015028	0.1035309	0.001980579	0.02398199	0.425042	0.001829755	0.1931469	0.004553423	0.1926942	7.697327E-12	0.003244998	0.04675713	0.02826403	0.0007004947	0.0584772						
CKbyEmotion	20191217	S050-surprise	0	MALE	FaceRecording-1	TestImage	AffRaw	20191217_194822799	120			4	1	640	490	1	0	34	9.498611E-07	4.086176E-10	0.07975812	0.000942967	1.963559E-06	0	96.13881	119.3089	2.131726	5.925911	-2.223125	0.01546552	2.813238E-13	1.826054E-13	1.964944E-15	0.04745461	0.007072858	0.02115662	0.00799746	0.0005346853	0.1361936	0.001982758	0.02395078	0.4250712	0.00182979	0.1933096	0.004566786	0.1926844	1.922074E-12	0.007039242	0.08377898	0.02917915	0.0008622054	0.08132965						
CKbyEmotion	20191217	S050-surprise	0	MALE	FaceRecording-1	TestImage	AffRaw	20191217_194822839	160			4	1	640	490	2	0	34	7.78413E-07	6.057123E-10	0.07966169	0.001141488	1.865881E-06	0	96.27618	118.9325	2.661392	5.737649	-2.41081	0.01725109	1.172808E-13	1.670487E-13	1.942837E-15	0.04458355	0.006252366	0.01931222	0.005862519	0.0003669626	0.1192435	0.001982142	0.02395758	0.4251154	0.001829728	0.1932674	0.004567892	0.192681	1.792059E-12	0.007399964	0.08267893	0.02782598	0.0007221746	0.07145573						
CKbyEmotion	20191217	S050-surprise	0	MALE	FaceRecording-1	TestImage	AffRaw	20191217_194822879	200			4	1	640	490	3	0	34	4.525321E-07	3.969442E-10	0.0795893	0.001166982	2.085777E-06	0	96.41582	118.723	1.644106	5.53931	-1.72161	0.01743783	1.438583E-13	1.317723E-13	1.757927E-15	0.0443646	0.00549646	0.01829446	0.005540158	0.0002571638	0.1065063	0.001981067	0.02397143	0.425113	0.001829694	0.1932201	0.004561376	0.1926787	1.874465E-12	0.006567987	0.06722897	0.02939269	0.0006952861	0.06800529						
CKbyEmotion	20191217	S050-surprise	0	MALE	FaceRecording-1	TestImage	AffRaw	20191217_194822919	240			4	1	640	490	4	0	34	3.762602E-07	3.674118E-10	0.07955378	0.001808082	2.165765E-06	0	97.24688	119.3027	1.365247	4.177419	-1.578175	0.02017307	3.148454E-13	1.216159E-13	1.797845E-15	0.05421397	0.005648673	0.01993338	0.007320031	0.0001607176	0.1002516	0.001981106	0.02398144	0.4249209	0.001829749	0.1932228	0.004555143	0.1926767	1.887571E-12	0.00744932	0.05401725	0.02759616	0.0008074825	0.0705132						
CKbyEmotion	20191217	S050-surprise	0	MALE	FaceRecording-1	TestImage	AffRaw	20191217_194822959	280			4	1	640	490	5	0	34	1.906903E-07	1.968054E-10	0.07952584	0.002015563	2.17828E-06	0	97.0948	119.7818	1.191987	4.454076	-1.901809	0.02061361	1.353545E-13	6.244081E-14	9.844166E-16	0.06840973	0.005321282	0.0154253	0.008529443	0.0001198172	0.09533028	0.001985981	0.02393909	0.4245905	0.001829598	0.1932618	0.00458035	0.1926758	1.572529E-12	0.008416441	0.1056718	0.02313123	0.0007713833	0.06000483						
CKbyEmotion	20191217	S050-surprise	0	MALE	FaceRecording-1	TestImage	AffRaw	20191217_194822999	320			4	1	640	490	6	0	34	2.103218E-07	2.604127E-10	0.07952145	0.002422781	2.012629E-06	0	95.25346	118.9448	2.424504	7.004373	-1.645041	0.02936465	5.433568E-14	5.88444E-14	7.922391E-16	0.08882897	0.004702897	0.01128207	0.008229257	0.0001434295	0.09455606	0.002001161	0.02378413	0.424144	0.001829461	0.1936615	0.004677305	0.1926764	1.464749E-12	0.008426777	0.3125643	0.01543422	0.000841624	0.05648071						
CKbyEmotion	20191217	S050-surprise	0	MALE	FaceRecording-1	TestImage	AffRaw	20191217_194823039	360			4	1	640	490	7	0	34	3.272405E-07	1.272282E-09	0.07972863	0.00288029	2.786488E-06	0	95.31919	120.1286	2.751101	6.931198	-2.769397	0.0651642	1.906199E-13	7.955834E-14	1.195323E-15	0.1310087	0.00324845	0.01557716	0.008000869	0.0001683038	0.09898885	0.002064121	0.02311617	0.4233115	0.001829604	0.1956315	0.005119312	0.1926769	2.504663E-12	0.009419807	1.214635	0.01225148	0.0008561618	0.07131936						
CKbyEmotion	20191217	S050-surprise	0	MALE	FaceRecording-1	TestImage	AffRaw	20191217_194823079	400			4	1	640	490	8	0	34	7.785733E-07	4.955599E-08	0.08008362	0.003886605	4.512222E-06	0	96.14223	121.0988	1.528915	5.921303	-3.22127	0.1360134	1.997711E-12	8.846647E-13	1.883487E-14	0.123384	0.002384347	0.05289763	0.008465583	0.0001161063	0.193257	0.002341281	0.02039893	0.4237739	0.001830847	0.2039	0.007534371	0.1926758	6.335852E-12	0.007388393	5.076346	0.0119868	0.000840756	0.09696638						
CKbyEmotion	20191217	S050-surprise	0	MALE	FaceRecording-1	TestImage	AffRaw	20191217_194823119	440			4	1	640	490	9	0	34	1.141914E-06	5.556431E-06	0.08108037	0.004762094	5.342987E-06	0	96.68551	122.086	5.704101	5.134198	-3.312964	0.2005037	5.616199E-12	3.68089E-12	2.034447E-13	0.2151294	0.006938673	0.3665665	0.01437395	0.0001860516	0.281387	0.004094652	0.01160532	0.4242697	0.001841318	0.2435934	0.03986951	0.1926772	1.00936E-11	0.01976291	21.76735	0.01160232	0.001270817	0.2082965						
CKbyEmotion	20191217	S050-surprise	0	MALE	FaceRecording-1	TestImage	AffRaw	20191217_194823159	480			4	1	640	490	10	0	34	1.570324E-06	0.0005052138	0.09077343	0.004872676	4.426729E-06	0	96.63641	121.6453	9.851815	5.21027	-3.354275	0.2818166	5.684808E-12	8.124494E-12	1.220664E-12	0.1830439	0.005035101	1.948382	0.01085128	0.0002625328	0.3176333	0.007799864	0.005788385	0.4372688	0.001895011	0.3105332	0.2755343	0.1926788	9.83649E-12	0.02046866	41.23491	0.01021384	0.001922559	0.5877777						
CKbyEmotion	20191217	S050-surprise	0	MALE	FaceRecording-1	TestImage	AffRaw	20191217_194823199	520			4	1	640	490	11	0	34	2.061694E-06	0.04475562	0.1299473	0.005797057	3.256398E-06	0	95.9254	121.0444	11.67459	6.206014	-1.830616	0.4394279	5.599235E-12	1.438228E-11	6.761263E-12	0.1228639	0.003542429	6.932294	0.008114619	0.0003414895	0.3578864	0.01897292	0.002015019	0.4799445	0.002071745	0.47159	3.826513	0.1926804	8.557427E-12	0.02061025	68.22245	0.009000164	0.002990914	1.567678						
CKbyEmotion	20191217	S050-surprise	0	MALE	FaceRecording-1	TestImage	AffRaw	20191217_194823239	560			4	1	640	490	12	0	34	4.628178E-06	2.55628	0.4545997	0.004370931	2.58038E-06	0	96.90015	117.869	13.91171	4.788362	-2.486604	0.5664209	1.341328E-11	9.801587E-11	1.228855E-10	0.1061557	0.00250471	21.99839	0.006540517	0.0004145899	0.3968738	0.03341923	0.0005754618	0.6307514	0.002509592	0.9957461	21.76271	0.1926819	8.75398E-12	0.0207913	89.13126	0.008271283	0.003989533	3.507977						
CKbyEmotion	20191217	S050-surprise	0	MALE	FaceRecording-1	TestImage	AffRaw	20191217_194823279	600			4	1	640	490	13	0	34	8.458482E-06	45.58625	58.40216	0.003175909	2.273008E-06	0	96.67341	115.8287	13.30282	5.153044	-3.067037	0.8465505	1.150358E-11	5.253784E-10	2.245246E-09	0.07306005	0.004761894	59.16401	0.005308369	0.0004668715	0.3679238	0.005208695	4.278929E-05	1.234204	0.001206373	21.49456	11.8144	0.192683	9.867138E-12	0.0260344	98.23468	0.007662058	0.005199816	9.847133						
CKbyEmotion	20191217	S050-surprise	0	MALE	FaceRecording-1	TestImage	AffRaw	20191217_194823319	640			4	1	640	490	14	0	34	1.449983E-05	93.31522	99.70372	0.002631577	2.06751E-06	0	95.50408	115.9611	10.35054	6.720003	-3.054555	1.506339	3.079079E-12	1.135828E-09	1.384231E-08	0.04251761	0.007222087	88.14592	0.004363785	0.0005033402	0.3012995	0.0004930712	4.898457E-06	2.075737	0.0004284975	89.03739	2.085387	0.1926837	1.101026E-11	0.02188355	99.8103	0.006582691	0.006093577	22.34639						
CKbyEmotion	20191217	S050-surprise	0	MALE	FaceRecording-1	TestImage	AffRaw	20191217_194823359	680			4	1	640	490	15	0	34	2.231439E-05	99.45381	99.90141	0.002194508	1.690977E-06	0	96.17373	115.6916	12.06501	5.878672	-3.298998	2.680911	5.057542E-12	4.273521E-10	1.094106E-08	0.02071791	0.003151531	97.43848	0.00416298	0.0004759218	0.2975166	0.0003504218	3.316024E-06	2.451052	0.0004150262	95.78396	0.8236958	0.1926833	1.031406E-11	0.01460934	99.98014	0.006353122	0.006413929	45.55638						
CKbyEmotion	20191217	S050-surprise	0	MALE	FaceRecording-1	TestImage	AffRaw	20191217_194823399	720			4	1	640	490	16	0	34	2.987738E-05	99.95123	99.91818	0.001425246	1.176958E-06	0	95.85714	114.8585	12.17855	6.292628	-2.392829	4.620487	2.338832E-12	1.450483E-10	4.852271E-09	0.01154274	0.004442255	99.5547	0.003379406	0.0004801629	0.2267827	0.0003204482	3.471612E-06	2.545878	0.0004243414	97.33329	0.4637737	0.1926834	7.594066E-12	0.01240382	99.99786	0.005662685	0.007368235	63.42384						
CKbyEmotion	20191217	S050-surprise	0	MALE	FaceRecording-1	TestImage	AffRaw	20191217_194823439	760			4	1	640	490	17	0	34	4.538125E-05	99.99224	99.92034	0.001272251	1.047819E-06	0	95.52838	116.1312	12.98925	6.691631	-2.789326	7.678649	8.283913E-12	2.913515E-10	8.578996E-09	0.005194053	0.007958819	99.88911	0.003134686	0.0004607894	0.202195	0.0002887244	4.205116E-06	2.561827	0.0004263562	98.24503	0.2697847	0.192683	7.537255E-12	0.007409468	99.99982	0.005367314	0.007906842	81.2299						
