#Study : CKbyEmotion
#Date : 20191217 20:50:01
#Version : 7.2.15327.0
#TestRunDate : 20191217 19:31:38.865 (+02:00)

StudyName	ExportDate	Name	Age	Gender	StimulusName	SlideType	EventSource	Timestamp	MediaTime	PostMarker	Annotation	version	Number of faces	width	height	FrameIndex	faceid	#classifiers	Brow Furrow	Brow Raise	Engagement	Lip Corner Depressor	Smile	Valence	Attention	Interocular Distance	Pitch	Yaw	Roll	InnerBrowRaise	EyeClosure	NoseWrinkle	UpperLipRaise	LipSuck	LipPress	MouthOpen	ChinRaise	Smirk	LipPucker	Anger	Sadness	Disgust	Joy	Surprise	Fear	Contempt	Cheek Raise	Dimpler	Eye Widen	Lid Tighten	Lip Stretch	Jaw Drop	LiveMarker	KeyStroke	MarkerText	SceneType	SceneOutput	SceneParent
CKbyEmotion	20191217	S505-sadness	0	MALE	FaceRecording-1	TestImage	AffRaw	20191217_193138945	80			4	1	720	480	0	0	34	0.004751162	0.0001103913	0.0797895	0.00370381	3.380531E-05	0	96.12112	189.5421	2.355119	5.94968	-0.1148924	0.1321467	3.245173E-08	2.418421E-05	9.009985E-06	0.0004810099	0.003501083	0.01357878	0.006631128	2.946077E-05	0.1369575	0.001988649	0.02396115	0.4260095	0.001828972	0.1942761	0.004695678	0.1926907	5.020894E-08	0.0007427058	0.3496304	0.1811885	0.0003353723	0.1050092						
CKbyEmotion	20191217	S505-sadness	0	MALE	FaceRecording-1	TestImage	AffRaw	20191217_193138985	120			4	1	720	480	1	0	34	0.03922087	0.001415023	0.07982579	0.004787976	0.0005913273	0	97.10626	186.1824	0.4112671	4.433705	-1.817361	0.1498513	5.691405E-08	0.002151611	0.0009237907	0.0009658941	0.003230144	0.1088521	0.006440959	2.244954E-05	0.08992571	0.001995066	0.02411949	0.4268966	0.001828102	0.1945795	0.004597251	0.1928068	2.318723E-06	0.001556309	0.1682719	0.2113846	0.000810319	0.2372187						
CKbyEmotion	20191217	S505-sadness	0	MALE	FaceRecording-1	TestImage	AffRaw	20191217_193139025	160			4	1	720	480	2	0	34	0.04618103	0.0007115788	0.07970307	0.009917798	0.0002643995	0	97.48628	185.2514	1.980257	3.710243	-1.180933	0.7160361	8.98787E-08	0.0003947392	0.000161528	0.001280584	0.003926422	0.0803379	0.01009339	2.58874E-05	0.05592601	0.001952903	0.02519046	0.4266267	0.001826267	0.1959989	0.004597816	0.1928368	7.820173E-07	0.001950601	0.04568221	0.2621858	0.001013128	0.154753						
CKbyEmotion	20191217	S505-sadness	0	MALE	FaceRecording-1	TestImage	AffRaw	20191217_193139065	200			4	1	720	480	3	0	34	0.01262294	0.0005409973	0.07940514	0.0120548	9.646887E-05	0	97.59882	183.8833	2.678295	3.475477	-1.485794	2.502025	3.681789E-08	6.075884E-05	2.168187E-05	0.001330025	0.003967403	0.03254222	0.01356695	4.00045E-05	0.0614212	0.00181913	0.02837527	0.4262756	0.001828653	0.2032569	0.004717639	0.1927184	2.268281E-07	0.001620006	0.01943858	0.3078896	0.001081337	0.1630881						
CKbyEmotion	20191217	S505-sadness	0	MALE	FaceRecording-1	TestImage	AffRaw	20191217_193139105	240			4	1	720	480	4	0	34	0.0167718	0.0008119411	0.07946615	0.0111282	8.874822E-05	0	97.17715	184.1595	3.018193	4.306068	-1.190308	7.148905	1.115652E-08	4.950488E-05	1.56899E-05	0.0015584	0.004563643	0.02788292	0.01423595	4.703843E-05	0.06803338	0.001558397	0.03869857	0.4262843	0.001827984	0.2228393	0.005098635	0.1927336	2.041462E-07	0.001538528	0.01424025	0.2644184	0.001058196	0.1452231						
CKbyEmotion	20191217	S505-sadness	0	MALE	FaceRecording-1	TestImage	AffRaw	20191217_193139145	280			4	1	720	480	5	0	34	0.01786349	0.002322395	0.07940309	0.0120773	6.758884E-05	0	97.25117	182.5868	3.043303	4.169391	-0.5856515	24.73397	2.380072E-08	3.716793E-05	1.141966E-05	0.00263224	0.005711135	0.02596514	0.01628306	3.731313E-05	0.05582458	0.0008673036	0.1248827	0.4262738	0.001827692	0.3163082	0.006839932	0.1927377	1.49052E-07	0.002239963	0.01421309	0.2462026	0.00115705	0.1222452						
CKbyEmotion	20191217	S505-sadness	0	MALE	FaceRecording-1	TestImage	AffRaw	20191217_193139185	320			4	1	720	480	6	0	34	0.01388519	0.003041805	0.07943159	0.01554742	4.50253E-05	-0.4401245	97.2225	183.5233	2.14782	4.222747	-0.4308312	43.86386	7.392412E-09	2.010191E-05	5.851816E-06	0.002953613	0.008359339	0.01979119	0.02071708	3.866389E-05	0.06483136	0.0004583168	0.4455823	0.4261616	0.001827914	0.4629923	0.00941126	0.1927237	8.978103E-08	0.002441916	0.01517513	0.215573	0.001299425	0.1091368						
CKbyEmotion	20191217	S505-sadness	0	MALE	FaceRecording-1	TestImage	AffRaw	20191217_193139225	360			4	1	720	480	7	0	34	0.01475531	0.005571592	0.07940431	0.02913412	4.405533E-05	-10.3491	97.54039	181.8827	3.284631	3.598693	-0.4846906	72.62149	1.347145E-09	1.950698E-05	5.081674E-06	0.003965432	0.01426731	0.01578198	0.02570954	3.347882E-05	0.05914549	0.0001757362	2.955825	0.4261174	0.001827525	0.8197635	0.01519107	0.1927267	8.716992E-08	0.003462927	0.01054125	0.2022424	0.001429263	0.09994431						
CKbyEmotion	20191217	S505-sadness	0	MALE	FaceRecording-1	TestImage	AffRaw	20191217_193139265	400			4	1	720	480	8	0	34	0.01854979	0.01029838	0.0793916	0.04503727	5.452729E-05	-13.77444	97.23926	181.2628	1.672252	4.191635	-0.3635839	82.5205	9.437202E-09	1.155797E-05	2.644057E-06	0.004214428	0.0257969	0.01347728	0.0303697	3.401615E-05	0.05310678	0.0001263613	5.56775	0.4261505	0.001826715	0.9971673	0.01790982	0.1927402	1.309472E-07	0.004303616	0.006956886	0.2253296	0.001518985	0.08980994						
CKbyEmotion	20191217	S505-sadness	0	MALE	FaceRecording-1	TestImage	AffRaw	20191217_193139305	440			4	1	720	480	9	0	34	0.02740541	0.006550879	0.07973049	0.1039303	3.538896E-05	-17.1994	97.38596	184.981	2.646375	3.911071	0.4307131	92.2946	2.518094E-09	1.168422E-05	1.874549E-06	0.004712913	0.04319375	0.009116688	0.04730467	2.496048E-05	0.04878718	9.135946E-05	10.18213	0.4261093	0.001825729	1.208784	0.02106403	0.1927724	8.550983E-08	0.004687218	0.005270759	0.2209986	0.001528979	0.08750419						
CKbyEmotion	20191217	S505-sadness	0	MALE	FaceRecording-1	TestImage	AffRaw	20191217_193139345	480			4	1	720	480	10	0	34	0.04250742	0.007244794	0.08020542	0.1720439	3.32182E-05	-17.95579	96.81583	182.1692	4.276281	4.926917	-1.010631	94.27915	1.127853E-09	4.748414E-05	5.758784E-06	0.005176691	0.06849049	0.007632196	0.06141924	2.315545E-05	0.04573881	8.565648E-05	11.48241	0.4261269	0.001823834	1.255867	0.02175957	0.1928268	9.341628E-08	0.005322252	0.004587765	0.2416379	0.001273929	0.08310022						
CKbyEmotion	20191217	S505-sadness	0	MALE	FaceRecording-1	TestImage	AffRaw	20191217_193139385	520			4	1	720	480	11	0	34	0.04844522	0.004358041	0.08116513	0.3327624	2.640371E-05	-19.02394	97.03608	184.9722	3.863085	4.557156	-0.6374118	96.92154	9.703802E-10	3.480235E-05	3.169306E-06	0.004970207	0.117626	0.006362556	0.09392098	2.451214E-05	0.03841906	7.856728E-05	13.44189	0.4262341	0.001823253	1.322065	0.02269347	0.1928483	6.680007E-08	0.007220564	0.003886223	0.2592055	0.001275144	0.06968417						
CKbyEmotion	20191217	S505-sadness	0	MALE	FaceRecording-1	TestImage	AffRaw	20191217_193139425	560			4	1	720	480	12	0	34	0.05874248	0.003536131	0.08244334	0.5414036	2.76293E-05	-19.4147	97.298	183.6125	3.322562	4.081073	-0.281002	97.50195	5.310616E-10	5.646101E-05	3.894827E-06	0.004734391	0.1449312	0.00604553	0.1250678	2.181223E-05	0.03435704	7.720889E-05	13.9655	0.4262969	0.001822064	1.33632	0.02284403	0.1928854	7.051243E-08	0.007476797	0.003326415	0.2658801	0.0009856981	0.06635712						
CKbyEmotion	20191217	S505-sadness	0	MALE	FaceRecording-1	TestImage	AffRaw	20191217_193139465	600			4	1	720	480	13	0	34	0.1032716	0.003195035	0.08498168	0.9217749	2.601549E-05	-20.43352	97.07407	186.0064	2.503237	4.490694	-0.4427106	99.3746	2.958256E-10	0.0003012986	1.549942E-05	0.005888236	0.1862506	0.005664964	0.2388579	1.964484E-05	0.03214727	7.3085E-05	15.69493	0.4262592	0.001816769	1.3829	0.023451	0.1930462	7.983706E-08	0.01015426	0.001886809	0.2715246	0.0008707994	0.06608936						
CKbyEmotion	20191217	S505-sadness	0	MALE	FaceRecording-1	TestImage	AffRaw	20191217_193139505	640			4	1	720	480	14	0	34	0.1511584	0.003173741	0.09121578	1.865852	2.846166E-05	-21.42896	96.6031	184.8438	2.727726	5.261266	-0.811264	99.80016	2.453379E-10	0.0009662699	4.150303E-05	0.006431169	0.1773083	0.004713066	0.4632396	1.807951E-05	0.02850996	7.288801E-05	16.44672	0.4263381	0.001811053	1.390631	0.02328375	0.1932192	9.779211E-08	0.01020089	0.001516815	0.295712	0.0007477846	0.06830459						
CKbyEmotion	20191217	S505-sadness	0	MALE	FaceRecording-1	TestImage	AffRaw	20191217_193139545	680			4	1	720	480	15	0	34	0.2293016	0.003009862	0.1042909	3.664924	3.524511E-05	-23.15186	97.34785	183.4709	3.062109	3.985379	-1.284934	99.93308	6.910659E-10	0.002216759	7.720948E-05	0.006421511	0.4034708	0.004972843	0.8339106	2.114066E-05	0.02992966	7.394798E-05	17.22984	0.4265311	0.001801835	1.387791	0.02270637	0.193502	1.421418E-07	0.01247423	0.001315691	0.3240453	0.0006658155	0.06631666						
CKbyEmotion	20191217	S505-sadness	0	MALE	FaceRecording-1	TestImage	AffRaw	20191217_193139585	720			4	1	720	480	16	0	34	0.3696894	0.002341158	0.1280177	6.397646	3.680975E-05	-25.90959	97.03722	182.8725	3.896075	4.555174	-0.7193358	99.95927	7.026345E-10	0.007715119	0.0002842417	0.008444725	0.8278427	0.00549265	1.870915	2.376636E-05	0.03227268	7.739201E-05	18.30329	0.4268536	0.001785409	1.376862	0.02181043	0.194011	1.713584E-07	0.01901305	0.00114952	0.356182	0.0006009841	0.06155036						
CKbyEmotion	20191217	S505-sadness	0	MALE	FaceRecording-1	TestImage	AffRaw	20191217_193139625	760			4	1	720	480	17	0	34	0.6091618	0.001984604	0.1768931	10.69231	3.348697E-05	-30.43549	97.51151	183.8362	3.860668	3.658525	-0.8603441	99.98063	6.228963E-10	0.009676783	0.0003084602	0.0102701	1.879574	0.006595622	3.687606	2.405879E-05	0.03745138	8.383E-05	19.99243	0.4270698	0.001757698	1.357993	0.02047621	0.1948824	1.693552E-07	0.02375306	0.001075102	0.4187765	0.0005931272	0.05865132						
CKbyEmotion	20191217	S505-sadness	0	MALE	FaceRecording-1	TestImage	AffRaw	20191217_193139665	800			4	1	720	480	18	0	34	0.8792165	0.001783568	0.3142106	18.48477	3.636471E-05	-39.02924	97.31507	182.1535	4.43336	4.048504	-1.65695	99.9824	1.271787E-09	0.04740111	0.00149587	0.01246491	4.189512	0.005805893	7.835571	2.526916E-05	0.04135611	9.845638E-05	22.96868	0.4288394	0.00172689	1.33628	0.0181498	0.1958698	2.049585E-07	0.02795961	0.0008609894	0.5001032	0.0005702054	0.05171862						
