#Study : CKbyEmotion
#Date : 20191217 20:50:01
#Version : 7.2.15327.0
#TestRunDate : 20191217 19:31:38.145 (+02:00)

StudyName	ExportDate	Name	Age	Gender	StimulusName	SlideType	EventSource	Timestamp	MediaTime	PostMarker	Annotation	version	Number of faces	width	height	FrameIndex	faceid	#classifiers	Brow Furrow	Brow Raise	Engagement	Lip Corner Depressor	Smile	Valence	Attention	Interocular Distance	Pitch	Yaw	Roll	InnerBrowRaise	EyeClosure	NoseWrinkle	UpperLipRaise	LipSuck	LipPress	MouthOpen	ChinRaise	Smirk	LipPucker	Anger	Sadness	Disgust	Joy	Surprise	Fear	Contempt	Cheek Raise	Dimpler	Eye Widen	Lid Tighten	Lip Stretch	Jaw Drop	LiveMarker	KeyStroke	MarkerText	SceneType	SceneOutput	SceneParent
CKbyEmotion	20191217	S131-sadness	0	MALE	FaceRecording-1	TestImage	AffRaw	20191217_193138225	80			4	1	640	490	0	0	34	0.002080669	2.650688E-09	0.07912265	0.003527485	4.039871E-07	0	97.73959	146.3542	-7.733514	3.1662	-1.729124	10.52233	1.163119E-10	8.284613E-11	1.088891E-13	0.001120265	0.00404973	0.01607155	0.002511838	8.347618E-05	0.02202871	0.001389782	0.04843483	0.4260929	0.001829372	0.2381871	0.005393949	0.1926826	1.498278E-12	0.001770559	7.262752E-07	0.1448445	0.0004182952	0.08962089						
CKbyEmotion	20191217	S131-sadness	0	MALE	FaceRecording-1	TestImage	AffRaw	20191217_193138265	120			4	1	640	490	1	0	34	0.00211582	3.045852E-10	0.07914667	0.005181833	6.672014E-07	0	98.0271	148.2695	-10.78927	2.471306	-1.950059	6.224759	2.079116E-10	4.903035E-11	3.754588E-14	0.001361766	0.004003215	0.0116912	0.003041654	6.21681E-05	0.02625133	0.001603888	0.03638009	0.4260736	0.001829222	0.2185455	0.005022661	0.1926824	1.755561E-12	0.002383447	1.510057E-06	0.1270417	0.0005570764	0.07979521						
CKbyEmotion	20191217	S131-sadness	0	MALE	FaceRecording-1	TestImage	AffRaw	20191217_193138305	160			4	1	640	490	2	0	34	0.003298116	3.672697E-09	0.07916677	0.01004146	6.273698E-07	0	98.13665	145.6003	-10.27878	2.180071	-2.323231	6.091282	1.496864E-09	1.487102E-10	1.541574E-13	0.001138253	0.004100494	0.02349494	0.002251627	9.39017E-05	0.02400929	0.001611138	0.03605139	0.4262398	0.001829473	0.2180819	0.005008632	0.1926873	2.352285E-12	0.002043076	1.21418E-06	0.1585616	0.0005079695	0.0956679						
CKbyEmotion	20191217	S131-sadness	0	MALE	FaceRecording-1	TestImage	AffRaw	20191217_193138345	200			4	1	640	490	3	0	34	0.003935745	2.550601E-09	0.07927177	0.01500557	1.452246E-06	0	98.27631	147.576	-10.74722	1.783435	-2.797999	6.792978	5.150437E-10	6.60869E-10	7.608125E-13	0.001022337	0.004096765	0.02377089	0.003755385	8.038031E-05	0.04655824	0.001574044	0.03778349	0.4262201	0.001829405	0.2212913	0.00506185	0.1926892	7.961125E-12	0.002027241	1.792047E-06	0.1735816	0.0005110122	0.1275898						
CKbyEmotion	20191217	S131-sadness	0	MALE	FaceRecording-1	TestImage	AffRaw	20191217_193138385	240			4	1	640	490	4	0	34	0.009631085	1.004786E-08	0.07965228	0.02925193	2.275667E-06	0	98.26163	145.6452	-10.18731	1.826577	-3.07915	6.695099	1.294384E-10	6.692898E-09	8.919507E-12	0.001028773	0.005605968	0.03421238	0.01068551	6.383463E-05	0.1079576	0.001580303	0.03755322	0.4263262	0.001829072	0.220756	0.005056663	0.1927095	2.290078E-11	0.0025542	1.839541E-06	0.2045159	0.0007577119	0.1081567						
CKbyEmotion	20191217	S131-sadness	0	MALE	FaceRecording-1	TestImage	AffRaw	20191217_193138425	280			4	1	640	490	5	0	34	0.01710921	1.17314E-08	0.08051705	0.09985109	3.334309E-06	0	98.3198	145.5834	-10.29409	1.653431	-3.083956	7.374939	6.552485E-10	4.440331E-08	5.53937E-11	0.001141467	0.01014799	0.01986826	0.03026827	4.947963E-05	0.2517765	0.001546876	0.03940094	0.4262647	0.001827699	0.2235877	0.005109689	0.1927361	5.492584E-11	0.003605577	1.927627E-06	0.2007722	0.0008731345	0.1073815						
CKbyEmotion	20191217	S131-sadness	0	MALE	FaceRecording-1	TestImage	AffRaw	20191217_193138465	320			4	1	640	490	6	0	34	0.03102169	1.333588E-08	0.08152705	0.2896252	4.36141E-06	0	98.74776	146.1663	-11.48884	0.161865	-3.158365	7.803695	3.004586E-09	2.704745E-07	3.797216E-10	0.001017684	0.01958705	0.01727344	0.08268669	3.865211E-05	0.4125287	0.001529355	0.04077538	0.4262574	0.00182595	0.2253396	0.005131233	0.1927861	1.252609E-10	0.004777987	2.024595E-06	0.2239326	0.001097169	0.1147244						
CKbyEmotion	20191217	S131-sadness	0	MALE	FaceRecording-1	TestImage	AffRaw	20191217_193138505	360			4	1	640	490	7	0	34	0.04524416	1.613734E-08	0.08449116	0.8986902	5.628816E-06	0	98.43953	145.6742	-11.35178	1.277746	-3.658541	7.458325	1.369373E-08	5.449095E-06	7.422435E-09	0.001019953	0.05300925	0.01114673	0.2292041	3.020737E-05	0.6115839	0.001556481	0.04048765	0.4262544	0.001824048	0.2235996	0.005051449	0.1928372	2.603025E-10	0.007439062	2.081159E-06	0.2467787	0.001207161	0.1219721						
CKbyEmotion	20191217	S131-sadness	0	MALE	FaceRecording-1	TestImage	AffRaw	20191217_193138545	400			4	1	640	490	8	0	34	0.05793212	2.290789E-08	0.08954987	1.700793	7.985542E-06	0	98.46907	145.7347	-11.23483	1.18066	-4.170354	7.529526	2.609221E-08	0.0001497112	2.762946E-07	0.001485104	0.109922	0.008460958	0.4390093	3.257346E-05	0.5122072	0.001565378	0.04150737	0.4262451	0.001822447	0.2236729	0.00499461	0.192883	5.706486E-10	0.01100939	1.98727E-06	0.2806021	0.001105734	0.1086086						
CKbyEmotion	20191217	S131-sadness	0	MALE	FaceRecording-1	TestImage	AffRaw	20191217_193138585	440			4	1	640	490	9	0	34	0.08584543	4.224583E-08	0.09815025	2.957937	1.212717E-05	0	98.32089	143.3038	-9.823979	1.650135	-3.93727	6.694975	7.144001E-08	0.003532585	6.563242E-06	0.002863488	0.3958753	0.007825963	1.035214	3.867681E-05	0.4786519	0.001645779	0.04040685	0.4264094	0.001819099	0.2195573	0.004829845	0.1929839	1.31088E-09	0.01785968	1.728563E-06	0.3424184	0.001110712	0.09706107						
CKbyEmotion	20191217	S131-sadness	0	MALE	FaceRecording-1	TestImage	AffRaw	20191217_193138625	480			4	1	640	490	10	0	34	0.1201485	6.551729E-08	0.09907576	3.055157	1.666653E-05	0	98.58646	143.1681	-8.963648	0.7758573	-3.0351	5.604608	2.146845E-07	0.04939467	0.0001063654	0.004802399	1.182326	0.006248527	1.652078	5.489585E-05	0.3346507	0.001747306	0.03727249	0.4281407	0.00181497	0.2143699	0.00474106	0.1931081	2.856489E-09	0.02714878	1.675167E-06	0.3889292	0.001109899	0.09420507						
CKbyEmotion	20191217	S131-sadness	0	MALE	FaceRecording-1	TestImage	AffRaw	20191217_193138665	520			4	1	640	490	11	0	34	0.1943485	1.078847E-07	0.1078195	4.056783	2.172729E-05	0	98.39487	143.1838	-8.634285	1.421092	-2.396007	5.169855	1.009589E-07	0.3037746	0.0005878412	0.007752103	3.137044	0.00586908	3.187901	7.455133E-05	0.3197925	0.00187778	0.03613542	0.4380348	0.001806165	0.2115105	0.004642722	0.1933767	5.284026E-09	0.04840634	1.493589E-06	0.4812988	0.00129336	0.07917205						
CKbyEmotion	20191217	S131-sadness	0	MALE	FaceRecording-1	TestImage	AffRaw	20191217_193138705	560			4	1	640	490	12	0	34	0.3162556	1.511217E-07	0.141947	4.346141	2.789174E-05	0	98.19241	143.2965	-8.445059	2.025344	-1.625077	4.925474	2.886294E-08	1.289845	0.00286039	0.009988992	6.925434	0.005572782	4.06323	9.066628E-05	0.2674925	0.001969311	0.03392706	0.4785476	0.001791802	0.2089051	0.004621964	0.1938186	9.20766E-09	0.07150535	1.213865E-06	0.5973961	0.001264174	0.0686058						
CKbyEmotion	20191217	S131-sadness	0	MALE	FaceRecording-1	TestImage	AffRaw	20191217_193138745	600			4	1	640	490	13	0	34	0.4940985	2.00511E-07	0.2888188	3.697526	3.206143E-05	-1.026474	98.66714	143.0938	-9.770613	0.4778855	-2.087288	4.218045	2.312074E-08	4.188736	0.008537092	0.01582375	13.99199	0.004826213	11.3074	0.0001046233	0.2651998	0.002606066	0.02868508	0.6202333	0.001771044	0.203767	0.004645791	0.194465	1.522102E-08	0.1680449	1.024918E-06	0.9006075	0.001278901	0.0627778						
CKbyEmotion	20191217	S131-sadness	0	MALE	FaceRecording-1	TestImage	AffRaw	20191217_193138785	640			4	1	640	490	14	0	34	0.9058179	3.148656E-07	1.003122	3.955334	3.529297E-05	-13.12543	98.45242	143.0502	-8.50309	1.235579	-2.319042	4.450257	3.344815E-08	9.57218	0.02214525	0.02517862	26.14022	0.005011318	24.0769	0.0001193151	0.2158886	0.004098062	0.02469473	1.003114	0.001723961	0.1997018	0.004709054	0.1959693	2.229394E-08	0.3379872	8.771452E-07	1.52	0.001231451	0.05587307						
CKbyEmotion	20191217	S131-sadness	0	MALE	FaceRecording-1	TestImage	AffRaw	20191217_193138825	680			4	1	640	490	15	0	34	1.391556	4.254098E-07	8.400223	3.975214	3.798597E-05	-30.70924	98.63242	141.7132	-9.477112	0.6082044	-1.934279	4.393718	3.062288E-08	17.02757	0.0344488	0.04268102	38.86412	0.00349185	49.52404	0.0001322453	0.2359785	0.00999346	0.02064518	1.942956	0.001669967	0.1937403	0.004780252	0.197759	3.030707E-08	0.7859629	7.171022E-07	2.420968	0.001258259	0.05320781						
CKbyEmotion	20191217	S131-sadness	0	MALE	FaceRecording-1	TestImage	AffRaw	20191217_193138865	720			4	1	640	490	16	0	34	1.935136	4.913652E-07	23.75996	2.938237	3.649078E-05	-37.66751	98.47992	142.5919	-9.125982	1.144559	-2.147336	4.096952	1.910834E-08	17.98	0.03590706	0.07734273	43.46427	0.002623241	65.69761	0.0001445648	0.2113687	0.01813588	0.01901713	2.109628	0.00161157	0.186417	0.004928352	0.1997811	3.803149E-08	1.550671	4.068979E-07	3.894243	0.001238355	0.05149804						
CKbyEmotion	20191217	S131-sadness	0	MALE	FaceRecording-1	TestImage	AffRaw	20191217_193138905	760			4	1	640	490	17	0	34	2.430715	7.370134E-07	45.72218	2.934529	4.105998E-05	-45.30956	98.41325	141.9574	-8.920667	1.362578	-1.674613	4.026395	3.295283E-08	20.75817	0.03945217	0.1274378	49.43174	0.001924203	76.84038	0.0001602656	0.2353446	0.02753282	0.01776899	2.686636	0.001560115	0.1807015	0.005005143	0.2016426	5.063151E-08	3.367519	3.200486E-07	6.177603	0.001310903	0.04982209						
CKbyEmotion	20191217	S131-sadness	0	MALE	FaceRecording-1	TestImage	AffRaw	20191217_193138945	800			4	1	640	490	18	0	34	3.289493	9.336022E-07	45.88557	3.11816	4.34111E-05	-43.11519	98.70905	141.8927	-9.140478	0.3160244	-2.672881	3.823074	4.902023E-08	19.38592	0.04264846	0.1781258	42.73618	0.002149003	78.30478	0.0001624747	0.1870631	0.03134425	0.02098078	2.376579	0.001474846	0.1709522	0.00511714	0.2049091	6.293266E-08	5.462111	2.416522E-07	10.01315	0.001307041	0.05119067						
CKbyEmotion	20191217	S131-sadness	0	MALE	FaceRecording-1	TestImage	AffRaw	20191217_193138985	840			4	1	640	490	19	0	34	4.48304	1.107114E-06	52.88137	3.262606	4.419837E-05	-44.79303	98.44124	141.8313	-8.698608	1.272166	-1.791002	3.870419	4.615726E-08	20.98655	0.04373755	0.2611753	40.95855	0.002081723	80.6288	0.0001668162	0.1757049	0.03750494	0.02376249	2.724217	0.001364012	0.1593115	0.005315967	0.2095369	7.458329E-08	9.491621	1.67895E-07	15.45911	0.001364537	0.05260174						
CKbyEmotion	20191217	S131-sadness	0	MALE	FaceRecording-1	TestImage	AffRaw	20191217_193139025	880			4	1	640	490	20	0	34	5.653926	1.203112E-06	39.91693	2.270519	4.122253E-05	-38.00381	98.42299	142.7196	-7.993113	1.331272	-1.672689	3.994951	4.473766E-08	15.99319	0.03682026	0.3797823	32.80616	0.002485982	78.28182	0.0001746938	0.1807155	0.0383052	0.02917328	1.744945	0.001263391	0.1488845	0.005631763	0.2141781	8.472732E-08	13.51359	1.10293E-07	21.92478	0.001371057	0.0504847						
CKbyEmotion	20191217	S131-sadness	0	MALE	FaceRecording-1	TestImage	AffRaw	20191217_193139065	920			4	1	640	490	21	0	34	7.225887	1.39519E-06	37.59581	2.403798	4.173729E-05	-36.21129	98.50122	142.255	-8.413108	1.072928	-1.940536	4.246098	3.768647E-08	14.11408	0.03104495	0.4187761	28.05456	0.003065065	78.79156	0.0001752426	0.1731267	0.04412792	0.03622245	1.474551	0.001139875	0.1361977	0.005945489	0.2205707	9.684748E-08	17.64035	8.721766E-08	30.73472	0.001400064	0.05498575						
CKbyEmotion	20191217	S131-sadness	0	MALE	FaceRecording-1	TestImage	AffRaw	20191217_193139105	960			4	1	640	490	22	0	34	8.898744	1.649592E-06	22.6728	2.52298	4.242328E-05	-28.78778	98.44376	141.8684	-8.283009	1.263912	-1.791996	4.999581	5.681199E-08	11.49138	0.03281007	0.3292948	15.68942	0.003445534	71.3323	0.000174213	0.1519993	0.03841018	0.05328999	1.173399	0.001021662	0.1250797	0.006352965	0.2275827	1.098211E-07	18.26646	7.689316E-08	38.4832	0.001349736	0.05617844						
CKbyEmotion	20191217	S131-sadness	0	MALE	FaceRecording-1	TestImage	AffRaw	20191217_193139145	1000			4	1	640	490	23	0	34	9.479679	1.950279E-06	16.53821	1.789142	4.097052E-05	-26.51479	98.54436	139.9233	-7.938347	0.9246917	-1.683193	6.580054	2.170644E-07	10.8753	0.03508563	0.2748018	14.58061	0.004119224	66.46268	0.0001815616	0.1574565	0.03869756	0.06190602	1.113968	0.0009835552	0.1246868	0.006730981	0.2300697	1.220914E-07	20.83833	6.315379E-08	49.21264	0.001355998	0.06017519						
