#Study : CKbyEmotion
#Date : 20191217 20:50:01
#Version : 7.2.15327.0
#TestRunDate : 20191217 19:31:38.061 (+02:00)

StudyName	ExportDate	Name	Age	Gender	StimulusName	SlideType	EventSource	Timestamp	MediaTime	PostMarker	Annotation	version	Number of faces	width	height	FrameIndex	faceid	#classifiers	Brow Furrow	Brow Raise	Engagement	Lip Corner Depressor	Smile	Valence	Attention	Interocular Distance	Pitch	Yaw	Roll	InnerBrowRaise	EyeClosure	NoseWrinkle	UpperLipRaise	LipSuck	LipPress	MouthOpen	ChinRaise	Smirk	LipPucker	Anger	Sadness	Disgust	Joy	Surprise	Fear	Contempt	Cheek Raise	Dimpler	Eye Widen	Lid Tighten	Lip Stretch	Jaw Drop	LiveMarker	KeyStroke	MarkerText	SceneType	SceneOutput	SceneParent
CKbyEmotion	20191217	S130-sadness	0	MALE	FaceRecording-1	TestImage	AffRaw	20191217_193138141	80			4	1	640	490	0	0	34	5.813291	0.0001761694	6.781421	0.0007649484	0.0001674583	0	95.84605	152.8257	-6.660398	6.30659	5.667628	0.3384455	8.931909E-10	0.01173553	0.03019791	4.634468E-05	0.009676082	57.49606	0.003105162	1.656248E-05	0.9624858	0.02147599	0.005557043	1.204675	0.003556215	0.5830517	0.005518397	0.214812	1.961938E-06	0.001384791	0.1901015	0.01408449	0.0004889487	0.6957632						
CKbyEmotion	20191217	S130-sadness	0	MALE	FaceRecording-1	TestImage	AffRaw	20191217_193138181	120			4	1	640	490	1	0	34	4.064804	6.56224E-05	9.056615	0.0009549526	0.0003451309	0	94.99785	149.4961	-7.747391	7.280071	6.299393	0.3845915	1.347314E-09	0.01929212	0.05732627	0.0001328091	0.008391743	63.64081	0.005650634	1.229353E-05	0.7612016	0.02274373	0.003987646	1.347672	0.004458845	0.7559037	0.005175225	0.2078953	4.03359E-06	0.001109689	0.1604426	0.01762541	0.0004323861	0.8072401						
CKbyEmotion	20191217	S130-sadness	0	MALE	FaceRecording-1	TestImage	AffRaw	20191217_193138221	160			4	1	640	490	2	0	34	25.14013	2.506064E-05	41.84958	0.001043427	0.0002500374	0	94.75643	150.8659	-7.110467	7.528457	6.382781	0.2920665	1.11655E-08	0.04517327	0.08722205	9.279815E-05	0.008284371	70.25455	0.006651293	1.220653E-05	1.042305	0.1646651	0.01539355	1.522773	0.001265771	0.2519468	0.01059589	0.3083383	4.429973E-06	0.001571315	0.2556512	0.02655066	0.0004240631	0.6229928						
CKbyEmotion	20191217	S130-sadness	0	MALE	FaceRecording-1	TestImage	AffRaw	20191217_193138261	200			4	1	640	490	3	0	34	50.93058	4.201629E-05	80.18544	0.000728142	0.0001411739	-2.989082	95.09052	152.8544	-7.63024	7.181695	6.206315	0.2080989	7.326749E-08	0.04813482	0.07392024	7.737917E-05	0.00623586	68.64037	0.00530511	1.243648E-05	1.462739	1.328238	0.1122118	1.478773	0.0002272335	0.05146801	0.02460308	0.499127	3.138578E-06	0.001355124	0.1091562	0.0368535	0.0004308713	0.6559817						
CKbyEmotion	20191217	S130-sadness	0	MALE	FaceRecording-1	TestImage	AffRaw	20191217_193138301	240			4	1	640	490	4	0	34	79.058	2.904021E-05	93.18546	0.0007141751	0.0001021182	-12.6928	94.67446	152.6872	-7.076773	7.610343	6.912048	0.1738067	1.802144E-07	0.08639371	0.1042223	6.64148E-05	0.005589036	57.55946	0.003957129	1.189172E-05	1.438747	8.854506	1.321117	1.217835	2.947185E-05	0.007213097	0.0624862	0.8428529	3.11277E-06	0.001016129	0.067944	0.0447525	0.0004068763	0.6690832						
CKbyEmotion	20191217	S130-sadness	0	MALE	FaceRecording-1	TestImage	AffRaw	20191217_193138341	280			4	1	640	490	5	0	34	94.14433	1.421963E-05	96.32256	0.0007342211	5.977558E-05	-17.88713	95.6945	150.1436	-6.662686	6.49366	6.58331	0.2183718	2.347204E-07	0.09296674	0.07638858	7.121695E-05	0.007627853	51.57244	0.004452145	1.200705E-05	1.767186	21.84547	4.838115	1.093144	9.846393E-06	0.002511764	0.1033964	1.115338	1.996909E-06	0.001231742	0.05722018	0.06597749	0.0004545212	0.6246295						
CKbyEmotion	20191217	S130-sadness	0	MALE	FaceRecording-1	TestImage	AffRaw	20191217_193138381	320			4	1	640	490	6	0	34	98.13003	1.02192E-05	96.90606	0.0007042571	3.498681E-05	-19.29243	96.05315	152.5855	-8.184205	6.040084	5.760124	0.3533706	2.214096E-08	0.09064958	0.05748873	6.083033E-05	0.007307533	50.09009	0.004189468	1.19823E-05	1.78422	26.98832	6.781858	1.063471	7.383644E-06	0.001905078	0.1185003	1.200845	1.353144E-06	0.001356358	0.02672779	0.1134442	0.0004850132	0.4915712						
CKbyEmotion	20191217	S130-sadness	0	MALE	FaceRecording-1	TestImage	AffRaw	20191217_193138421	360			4	1	640	490	7	0	34	99.28794	8.755693E-06	95.32681	0.0007266499	2.630145E-05	-19.79311	96.2806	151.0106	-7.640999	5.731477	5.236949	0.5972823	7.300674E-09	0.1279115	0.04821254	8.495845E-05	0.0123473	42.92861	0.005860663	1.123871E-05	1.941598	24.14833	9.290507	0.9378183	6.009058E-06	0.001490867	0.1238525	1.226879	1.027564E-06	0.002060082	0.01818441	0.1741853	0.0006086276	0.4190161						
CKbyEmotion	20191217	S130-sadness	0	MALE	FaceRecording-1	TestImage	AffRaw	20191217_193138461	400			4	1	640	490	8	0	34	99.67671	6.880082E-06	94.52442	0.0006630205	2.305894E-05	-20.06763	95.57388	149.2203	-7.285849	6.638119	6.110659	0.9508851	1.019607E-08	0.164182	0.03709366	0.0001167787	0.02520226	40.20314	0.006724212	1.29475E-05	2.233377	22.94082	10.57307	0.8958189	5.574849E-06	0.001367809	0.1264919	1.235745	9.163169E-07	0.003806559	0.01238326	0.2960394	0.0009216568	0.3340414						
CKbyEmotion	20191217	S130-sadness	0	MALE	FaceRecording-1	TestImage	AffRaw	20191217_193138501	440			4	1	640	490	9	0	34	99.89701	4.97239E-06	96.30916	0.0006961978	1.759541E-05	-20.35053	96.4952	148.8376	-5.244502	5.423192	6.32254	1.476235	8.129715E-09	0.185529	0.02839795	0.0001901229	0.07795325	45.7669	0.009358932	1.504177E-05	2.505728	26.47668	9.365635	0.9925284	6.079995E-06	0.001567776	0.1284765	1.240797	7.738668E-07	0.006509313	0.008853352	0.4638107	0.001415904	0.3391938						
CKbyEmotion	20191217	S130-sadness	0	MALE	FaceRecording-1	TestImage	AffRaw	20191217_193138541	480			4	1	640	490	10	0	34	99.95285	3.427092E-06	96.21841	0.0007346379	1.215414E-05	-20.74499	96.92165	148.8238	-5.586942	4.752444	5.773424	2.41725	1.062649E-08	0.2098167	0.0211933	0.0003093882	0.1921474	45.35783	0.01619581	1.600755E-05	2.398871	25.69147	10.05614	0.9877039	6.012921E-06	0.001576639	0.1306044	1.242081	5.936895E-07	0.01050877	0.004983781	0.6130618	0.001897526	0.3608176						
CKbyEmotion	20191217	S130-sadness	0	MALE	FaceRecording-1	TestImage	AffRaw	20191217_193138581	520			4	1	640	490	11	0	34	99.97916	2.943853E-06	96.58562	0.0008474406	9.015348E-06	-21.84538	96.72401	149.4478	-4.767106	5.07379	6.580035	5.444656	8.187088E-09	0.1798721	0.01379214	0.000424169	0.3901688	46.8149	0.02477579	1.993985E-05	2.492509	24.53427	11.51665	1.012664	6.163714E-06	0.001736056	0.1372403	1.242687	4.672382E-07	0.01503172	0.003475582	0.8898535	0.002449536	0.4078677						
CKbyEmotion	20191217	S130-sadness	0	MALE	FaceRecording-1	TestImage	AffRaw	20191217_193138621	560			4	1	640	490	12	0	34	99.98711	3.053449E-06	95.77179	0.0008437689	7.727093E-06	-23.50706	96.80299	150.1549	-5.222688	4.947697	4.792502	9.987556	1.001048E-08	0.2131089	0.01522444	0.0005271026	0.6096014	43.69554	0.02654458	2.260707E-05	2.782344	19.72596	16.31191	0.9622881	5.820836E-06	0.001756355	0.1482258	1.242871	4.075146E-07	0.01799729	0.002157578	1.143875	0.002475069	0.3699355						
CKbyEmotion	20191217	S130-sadness	0	MALE	FaceRecording-1	TestImage	AffRaw	20191217_193138661	600			4	1	640	490	13	0	34	99.98999	2.921518E-06	94.86637	0.0009284904	6.92746E-06	-28.0323	96.80949	150.1244	-4.310798	4.937182	6.613667	22.76427	1.513198E-08	0.2811078	0.01876823	0.0008028462	0.8509843	40.84317	0.03923766	2.534553E-05	3.31093	12.15509	33.35651	0.9215373	5.525613E-06	0.002111997	0.1832226	1.242937	3.90276E-07	0.02708639	0.0007868735	2.201623	0.002783886	0.3877982						
CKbyEmotion	20191217	S130-sadness	0	MALE	FaceRecording-1	TestImage	AffRaw	20191217_193138701	640			4	1	640	490	14	0	34	99.99268	3.211464E-06	92.35779	0.0009825428	6.8576E-06	-36.26195	96.81973	149.447	-5.113707	4.920589	6.037024	46.71327	9.723093E-09	0.3496794	0.02352314	0.0009117876	0.6880261	34.89506	0.04889852	3.009661E-05	3.20479	4.393896	75.13267	0.83583	4.958335E-06	0.002937167	0.2730014	1.243	3.88298E-07	0.04617454	0.000279541	4.076141	0.002939428	0.3733153						
CKbyEmotion	20191217	S130-sadness	0	MALE	FaceRecording-1	TestImage	AffRaw	20191217_193138741	680			4	1	640	490	15	0	34	99.99455	3.513855E-06	89.01265	0.001057366	6.916053E-06	-46.83212	96.41232	149.7045	-4.585876	5.544369	5.908268	77.30973	7.907397E-09	0.5062882	0.03411085	0.001143698	0.5204535	29.29391	0.06303345	3.444977E-05	3.367006	1.192267	96.56137	0.7717757	4.477697E-06	0.00471126	0.4532425	1.243044	4.103537E-07	0.06564132	0.0001402406	6.558201	0.00315781	0.4103268						
CKbyEmotion	20191217	S130-sadness	0	MALE	FaceRecording-1	TestImage	AffRaw	20191217_193138781	720			4	1	640	490	16	0	34	99.99495	3.595756E-06	86.87138	0.001200979	6.772511E-06	-52.37995	96.31055	148.5307	-4.487687	5.689497	5.210119	93.47395	4.580066E-09	0.5070469	0.03693765	0.001230592	0.4478901	26.45992	0.09027073	3.788962E-05	3.479216	0.6901289	98.91043	0.7377189	4.252705E-06	0.006060151	0.593153	1.243053	4.232182E-07	0.0960601	8.472366E-05	10.881	0.00287484	0.3794514						
CKbyEmotion	20191217	S130-sadness	0	MALE	FaceRecording-1	TestImage	AffRaw	20191217_193138821	760			4	1	640	490	17	0	34	99.99557	3.797129E-06	83.40305	0.001436747	6.808141E-06	-54.3264	97.01993	150.547	-4.313955	4.585158	3.800078	98.55854	6.040178E-09	0.8393048	0.06723958	0.001464854	0.3703048	22.60694	0.1352929	3.958329E-05	3.792674	0.6244848	99.31537	0.7159761	3.964819E-06	0.006091334	0.6454875	1.243068	4.495444E-07	0.157739	6.898977E-05	15.67352	0.002612202	0.3695959						
CKbyEmotion	20191217	S130-sadness	0	MALE	FaceRecording-1	TestImage	AffRaw	20191217_193138861	800			4	1	640	490	18	0	34	99.99648	3.724319E-06	82.12411	0.001708082	6.33766E-06	-54.83157	96.96468	150.551	-4.818199	4.67984	3.463253	99.64247	3.043513E-09	1.054378	0.087391	0.001710265	0.3231621	21.35041	0.1730385	4.20425E-05	3.819896	0.7297477	99.38929	0.722568	3.875043E-06	0.006032222	0.6571473	1.243089	4.438048E-07	0.1991437	4.265476E-05	20.54961	0.002313824	0.3714319						
