#Study : CKbyEmotion
#Date : 20191217 20:50:01
#Version : 7.2.15327.0
#TestRunDate : 20191217 19:31:37.893 (+02:00)

StudyName	ExportDate	Name	Age	Gender	StimulusName	SlideType	EventSource	Timestamp	MediaTime	PostMarker	Annotation	version	Number of faces	width	height	FrameIndex	faceid	#classifiers	Brow Furrow	Brow Raise	Engagement	Lip Corner Depressor	Smile	Valence	Attention	Interocular Distance	Pitch	Yaw	Roll	InnerBrowRaise	EyeClosure	NoseWrinkle	UpperLipRaise	LipSuck	LipPress	MouthOpen	ChinRaise	Smirk	LipPucker	Anger	Sadness	Disgust	Joy	Surprise	Fear	Contempt	Cheek Raise	Dimpler	Eye Widen	Lid Tighten	Lip Stretch	Jaw Drop	LiveMarker	KeyStroke	MarkerText	SceneType	SceneOutput	SceneParent
CKbyEmotion	20191217	S115-sadness	0	MALE	FaceRecording-1	TestImage	AffRaw	20191217_193137973	80			4	1	640	490	0	0	34	0.009793527	0.0001105765	0.0943271	0.001461512	0.004413348	0	97.62822	149.6711	-4.358155	3.412373	-6.340492	0.0542634	6.552912E-13	0.0005319266	0.001726658	0.0002549059	0.00521731	2.477218	0.01074884	2.331958E-05	0.05206235	0.002140745	0.02218868	0.4453381	0.001913499	0.2079821	0.004456779	0.1926456	5.841556E-05	0.001282793	0.03644888	0.01508246	0.0003872357	0.6905251						
CKbyEmotion	20191217	S115-sadness	0	MALE	FaceRecording-1	TestImage	AffRaw	20191217_193138013	120			4	1	640	490	1	0	34	0.01604124	0.0001357316	0.1026323	0.005508943	0.007399364	0	98.13843	148.7355	-5.194233	2.175206	-7.437524	0.09776577	3.159838E-12	0.001293839	0.004152362	0.0001555544	0.008659291	3.653512	0.01057111	3.322167E-05	0.08569738	0.002222937	0.02138696	0.4549594	0.001955017	0.2141967	0.004475434	0.1926252	0.0001111866	0.002892705	0.06083905	0.01424539	0.0004126657	0.6583903						
CKbyEmotion	20191217	S115-sadness	0	MALE	FaceRecording-1	TestImage	AffRaw	20191217_193138053	160			4	1	640	490	2	0	34	0.02415055	0.0001306454	0.1035409	0.005287775	0.007006847	0	98.37514	148.3524	-4.641044	1.483159	-6.755805	0.06830316	6.845061E-12	0.001614802	0.005084923	0.0001249393	0.00704624	3.768935	0.01100627	4.413728E-05	0.08590971	0.002235641	0.02129214	0.4559337	0.001957959	0.2142417	0.004475365	0.1926603	0.0001132317	0.002963344	0.03952473	0.01269126	0.0003202358	0.5891052						
CKbyEmotion	20191217	S115-sadness	0	MALE	FaceRecording-1	TestImage	AffRaw	20191217_193138093	200			4	1	640	490	3	0	34	0.02369407	0.0001204172	0.1266733	0.00445933	0.0124362	0	98.10793	147.9006	-4.818574	2.258018	-7.280559	0.06861927	2.200267E-12	0.003181541	0.0108111	0.0001492139	0.006776825	6.595654	0.01365884	5.318328E-05	0.09060761	0.002455493	0.01936582	0.4798686	0.002063111	0.2310809	0.004439294	0.1925806	0.0002335921	0.003964698	0.04649841	0.01250143	0.0003887739	0.8421439						
CKbyEmotion	20191217	S115-sadness	0	MALE	FaceRecording-1	TestImage	AffRaw	20191217_193138133	240			4	1	640	490	4	0	34	0.02411788	9.115189E-05	0.1105365	0.005938457	0.009927081	0	98.21054	147.0341	-4.940746	1.974019	-7.4647	0.08133705	2.138176E-12	0.002861511	0.009970949	0.0001460936	0.007308648	4.685246	0.01474117	5.495741E-05	0.07493792	0.00230316	0.02066704	0.4636168	0.001991809	0.2200072	0.004448945	0.1926184	0.0001838532	0.003371748	0.03785856	0.01166889	0.0003849819	0.7621683						
CKbyEmotion	20191217	S115-sadness	0	MALE	FaceRecording-1	TestImage	AffRaw	20191217_193138173	280			4	1	640	490	5	0	34	0.02692829	8.991485E-05	0.1249103	0.007511443	0.01115237	0	98.30128	147.7808	-3.74227	1.709176	-13.65073	0.08673411	4.862418E-12	0.003367102	0.01193662	0.000146221	0.006942399	6.39595	0.01459575	5.600288E-05	0.07325651	0.002438116	0.01952952	0.4782239	0.002054768	0.2295591	0.004452209	0.1926108	0.0002128279	0.003571935	0.04191725	0.01154467	0.0003756907	0.7545874						
CKbyEmotion	20191217	S115-sadness	0	MALE	FaceRecording-1	TestImage	AffRaw	20191217_193138213	320			4	1	640	490	6	0	34	0.02512476	0.0001031982	0.1315207	0.007319653	0.01149689	0	98.15118	148.0892	-4.708708	2.140204	-2.233974	0.08544543	7.563075E-12	0.003456951	0.01335542	0.0001430519	0.007652332	7.120637	0.01509646	5.799721E-05	0.07370615	0.002497452	0.0190579	0.4845509	0.002082384	0.2340234	0.004444086	0.1925995	0.0002299241	0.003247624	0.04292203	0.01174431	0.0003569147	0.8093455						
CKbyEmotion	20191217	S115-sadness	0	MALE	FaceRecording-1	TestImage	AffRaw	20191217_193138253	360			4	1	640	490	7	0	34	0.02540752	0.0001162951	0.1275341	0.008646963	0.01030496	0	98.12702	149.3483	-5.098953	2.206355	-2.248041	0.08509637	2.327316E-12	0.004573725	0.01755262	0.0001452719	0.007478295	6.68887	0.01425007	4.396908E-05	0.05418936	0.002462011	0.01934447	0.4809453	0.002065659	0.2314862	0.004438592	0.1926174	0.0002088777	0.003394104	0.03025004	0.01139745	0.0003466767	0.8102298						
CKbyEmotion	20191217	S115-sadness	0	MALE	FaceRecording-1	TestImage	AffRaw	20191217_193138293	400			4	1	640	490	8	0	34	0.0297777	0.0001479655	0.1216166	0.01501874	0.009257779	0	98.51153	148.7104	-5.10521	1.037899	-2.289648	0.07948005	9.562586E-13	0.006155608	0.02373726	0.000190153	0.01064956	6.018526	0.0152945	3.522434E-05	0.04322493	0.002409213	0.01978319	0.4753736	0.0020397	0.2273021	0.004447838	0.1926481	0.0002034449	0.003775216	0.03151246	0.01140404	0.0003911914	0.7520672						
CKbyEmotion	20191217	S115-sadness	0	MALE	FaceRecording-1	TestImage	AffRaw	20191217_193138333	440			4	1	640	490	9	0	34	0.03772359	0.0001276758	0.1119092	0.03035187	0.008133623	0	98.5773	147.0017	-2.990947	0.8085587	-3.36278	0.08945905	1.741238E-12	0.01076502	0.03888258	0.0002485105	0.01932515	4.844621	0.01993916	3.170074E-05	0.03989154	0.002317463	0.02060214	0.4658934	0.001995224	0.2205835	0.004454349	0.1926928	0.0001989925	0.004588119	0.03553683	0.01099168	0.0003923979	0.7277893						
CKbyEmotion	20191217	S115-sadness	0	MALE	FaceRecording-1	TestImage	AffRaw	20191217_193138373	480			4	1	640	490	10	0	34	0.03351191	0.0001371445	0.1007837	0.06438789	0.006463078	0	98.57475	149.3491	-2.948657	0.8176875	-2.298968	0.09215619	3.541417E-12	0.008213044	0.02840082	0.0003057149	0.03140554	3.381318	0.02508295	2.613526E-05	0.03599082	0.002206299	0.02163796	0.4534661	0.001942844	0.212762	0.004456422	0.1927016	0.0001644769	0.005284861	0.0456048	0.01041252	0.0004307583	0.7275072						
CKbyEmotion	20191217	S115-sadness	0	MALE	FaceRecording-1	TestImage	AffRaw	20191217_193138413	520			4	1	640	490	11	0	34	0.0367937	0.0001679781	0.09832423	0.145953	0.006451181	0	98.16775	147.4973	-3.012554	2.09432	-3.392035	0.09612615	2.756512E-12	0.01544781	0.05251444	0.0003623817	0.05490578	3.031805	0.03051106	2.254481E-05	0.03436471	0.002181021	0.0219313	0.4513389	0.001930117	0.2107235	0.004462338	0.1927135	0.0001793877	0.005690439	0.055787	0.01080941	0.0004221336	0.6827269						
CKbyEmotion	20191217	S115-sadness	0	MALE	FaceRecording-1	TestImage	AffRaw	20191217_193138453	560			4	1	640	490	12	0	34	0.03989789	0.0002000863	0.09414259	0.3241529	0.006157299	0	98.37816	147.211	-2.950001	1.473731	-3.197767	0.107114	1.335777E-12	0.02386971	0.07443882	0.0004053252	0.09995312	2.419678	0.03263225	2.154432E-05	0.0275864	0.002136591	0.02247333	0.4471169	0.001908273	0.2071484	0.004474926	0.192729	0.0001874351	0.005940666	0.07593326	0.01088992	0.000409482	0.5787063						
CKbyEmotion	20191217	S115-sadness	0	MALE	FaceRecording-1	TestImage	AffRaw	20191217_193138493	600			4	1	640	490	13	0	34	0.04055931	0.0002514413	0.0902543	0.5849035	0.005747873	0	98.43396	147.282	-2.543811	1.29582	-3.407596	0.1316928	1.504664E-12	0.03790016	0.1057616	0.0004952437	0.1866917	1.827964	0.04200841	1.928396E-05	0.02416755	0.002092814	0.02305054	0.4434854	0.001887643	0.2040216	0.004482182	0.1927372	0.0001916115	0.007804782	0.1102642	0.01019637	0.0003984765	0.5164055						
CKbyEmotion	20191217	S115-sadness	0	MALE	FaceRecording-1	TestImage	AffRaw	20191217_193138533	640			4	1	640	490	14	0	34	0.04401999	0.0003451506	0.08827481	1.197369	0.005442082	0	98.24641	148.0115	-1.307827	1.87096	-3.553734	0.1668711	1.698614E-11	0.06704796	0.1782749	0.0006263756	0.2316514	1.490727	0.05133007	1.712711E-05	0.01936669	0.002066958	0.0236868	0.4432591	0.001875579	0.2024503	0.004457005	0.1927541	0.0001949474	0.007897769	0.1459272	0.00962565	0.000381564	0.5077242						
CKbyEmotion	20191217	S115-sadness	0	MALE	FaceRecording-1	TestImage	AffRaw	20191217_193138573	680			4	1	640	490	15	0	34	0.0452536	0.0004970815	0.09269812	2.161185	0.005093809	0	98.21812	146.5367	-2.098312	1.952405	-3.066045	0.2461693	9.367593E-11	0.08171523	0.2343941	0.0007976734	0.2519765	1.582098	0.06394297	1.482876E-05	0.01632207	0.002066646	0.0242583	0.4456134	0.00187843	0.2033293	0.004422962	0.1927635	0.0001910616	0.008492094	0.2137355	0.009431689	0.0003747728	0.5006815						
CKbyEmotion	20191217	S115-sadness	0	MALE	FaceRecording-1	TestImage	AffRaw	20191217_193138613	720			4	1	640	490	16	0	34	0.0488619	0.0007346231	0.09841223	3.009945	0.004427786	0	97.92042	147.865	-1.612271	2.740076	-3.348609	0.3337668	4.279628E-11	0.07119607	0.2410792	0.0008735126	0.1796977	1.406957	0.08115786	1.42737E-05	0.01402385	0.0020478	0.02507661	0.4439265	0.001871798	0.2029798	0.004378557	0.1927861	0.0001736688	0.007416898	0.2504651	0.009335481	0.0003326795	0.5376907						
