#Study : CKbyEmotion
#Date : 20191217 20:50:01
#Version : 7.2.15327.0
#TestRunDate : 20191217 19:31:37.454 (+02:00)

StudyName	ExportDate	Name	Age	Gender	StimulusName	SlideType	EventSource	Timestamp	MediaTime	PostMarker	Annotation	version	Number of faces	width	height	FrameIndex	faceid	#classifiers	Brow Furrow	Brow Raise	Engagement	Lip Corner Depressor	Smile	Valence	Attention	Interocular Distance	Pitch	Yaw	Roll	InnerBrowRaise	EyeClosure	NoseWrinkle	UpperLipRaise	LipSuck	LipPress	MouthOpen	ChinRaise	Smirk	LipPucker	Anger	Sadness	Disgust	Joy	Surprise	Fear	Contempt	Cheek Raise	Dimpler	Eye Widen	Lid Tighten	Lip Stretch	Jaw Drop	LiveMarker	KeyStroke	MarkerText	SceneType	SceneOutput	SceneParent
CKbyEmotion	20191217	S093-sadness	0	MALE	FaceRecording-1	TestImage	AffRaw	20191217_193137534	80			4	1	640	490	0	0	34	0.005820284	9.930427E-08	0.07937416	0.0006376451	1.213878E-05	0	98.41406	143.0361	-5.055659	1.35997	2.354593	7.324997	1.644232E-11	2.741631E-08	2.60705E-10	0.0001019641	0.002633202	0.02171693	0.005953938	0.0008926422	0.02318208	0.001546917	0.03913631	0.426502	0.001829115	0.2236658	0.005109514	0.1927125	1.041708E-09	0.0008010061	0.004972212	0.2810408	0.0001966833	0.1361571						
CKbyEmotion	20191217	S093-sadness	0	MALE	FaceRecording-1	TestImage	AffRaw	20191217_193137574	120			4	1	640	490	1	0	34	0.004571728	6.066251E-08	0.07992242	0.007029388	2.584358E-05	0	98.47396	142.7388	-2.612776	1.164425	1.578416	12.48688	2.346251E-11	3.154576E-08	3.116304E-10	0.0002414529	0.004796275	0.02083939	0.01968516	0.001542006	0.03629446	0.001302929	0.05520317	0.4271626	0.001829239	0.2484195	0.005550883	0.1927211	2.141264E-09	0.001354166	0.006508239	0.1722696	0.0002600726	0.231567						
CKbyEmotion	20191217	S093-sadness	0	MALE	FaceRecording-1	TestImage	AffRaw	20191217_193137614	160			4	1	640	490	2	0	34	0.005772416	8.976271E-08	0.07982076	0.01019607	2.742665E-05	0	98.50069	143.7385	-3.305494	1.074719	1.763697	11.50322	4.209022E-11	5.548546E-08	6.019565E-10	0.0003060276	0.004783892	0.03183812	0.01672536	0.001621182	0.06156778	0.001346333	0.05169195	0.4271223	0.001829462	0.2435347	0.00546411	0.192727	2.550052E-09	0.0009999169	0.005835617	0.1309999	0.0002134218	0.2099907						
CKbyEmotion	20191217	S093-sadness	0	MALE	FaceRecording-1	TestImage	AffRaw	20191217_193137654	200			4	1	640	490	3	0	34	0.005739822	6.196726E-08	0.08001331	0.004795023	3.864128E-05	0	98.09824	142.6586	-2.033808	2.284056	2.114215	12.5591	7.641932E-11	9.94671E-08	1.056781E-09	0.0003441757	0.005010702	0.02355797	0.01669324	0.002296008	0.08225819	0.001299788	0.05546628	0.427292	0.001829194	0.2490164	0.005548914	0.1927405	4.525187E-09	0.00111591	0.006276261	0.1371842	0.0002653057	0.2798822						
CKbyEmotion	20191217	S093-sadness	0	MALE	FaceRecording-1	TestImage	AffRaw	20191217_193137694	240			4	1	640	490	4	0	34	0.003793691	5.423251E-08	0.08026793	0.004485748	4.770609E-05	0	98.50387	141.8268	-2.138907	1.063931	2.054346	13.4756	1.950595E-10	6.404305E-08	8.16804E-10	0.0002983421	0.003514742	0.02945595	0.01106462	0.002419469	0.09174341	0.001260223	0.05894029	0.4276485	0.001829625	0.2536719	0.005634013	0.1927359	5.021246E-09	0.0008543339	0.005973388	0.1487841	0.0002667664	0.2787856						
CKbyEmotion	20191217	S093-sadness	0	MALE	FaceRecording-1	TestImage	AffRaw	20191217_193137734	280			4	1	640	490	5	0	34	0.008761839	1.378088E-07	0.08054276	0.005286817	8.125059E-05	0	98.63282	143.5652	-1.657991	0.6067144	1.645301	16.50322	1.248218E-08	3.531403E-07	4.557053E-09	0.0002566578	0.003420903	0.04240264	0.01009205	0.002030073	0.1229872	0.001139673	0.0721106	0.4280826	0.001829471	0.2695329	0.005924102	0.1927454	1.280649E-08	0.0008190165	0.005821755	0.2234504	0.0002606757	0.2903455						
CKbyEmotion	20191217	S093-sadness	0	MALE	FaceRecording-1	TestImage	AffRaw	20191217_193137774	320			4	1	640	490	6	0	34	0.01905023	2.986004E-07	0.08190922	0.003847118	0.0001133748	0	98.44912	143.9764	-1.759755	-1.246432	1.600026	27.53411	0.0005028498	1.418789E-06	1.953531E-08	0.0002457568	0.003536509	0.08521922	0.009759369	0.001162213	0.08580118	0.0007896594	0.1502292	0.4300626	0.001829674	0.3362358	0.007112588	0.1927643	2.618524E-08	0.0007559551	0.004424498	0.6205381	0.0002519804	0.32707						
CKbyEmotion	20191217	S093-sadness	0	MALE	FaceRecording-1	TestImage	AffRaw	20191217_193137814	360			4	1	640	490	7	0	34	0.05157207	7.528322E-07	0.08664329	0.004910685	0.0001060403	-4.157463	98.60683	144.4936	-0.3238854	0.7022131	1.558613	54.67496	0.5691261	9.056625E-06	1.254909E-07	0.0002082567	0.003006076	0.1605803	0.01014129	0.0008257337	0.07247398	0.0003204038	0.9104366	0.4362105	0.001828284	0.5778449	0.01116867	0.1928748	3.406696E-08	0.0006832409	0.002912102	1.584385	0.0002393054	0.3863261						
CKbyEmotion	20191217	S093-sadness	0	MALE	FaceRecording-1	TestImage	AffRaw	20191217_193137854	400			4	1	640	490	8	0	34	0.2333195	1.053008E-06	0.09607816	0.006628511	7.60572E-05	-12.20576	98.60194	143.8818	-0.7274075	0.7199803	1.241201	77.8822	0.08664527	5.744539E-05	6.588235E-07	0.0001825523	0.002131029	0.264897	0.01160449	0.0006685579	0.05451841	0.0001500796	4.178828	0.4474735	0.001810085	0.9081556	0.01655064	0.1935292	3.54782E-08	0.0005990558	0.001749116	3.736124	0.0002104204	0.3664097						
CKbyEmotion	20191217	S093-sadness	0	MALE	FaceRecording-1	TestImage	AffRaw	20191217_193137894	440			4	1	640	490	9	0	34	1.415703	1.064407E-06	0.1132677	0.02087244	4.764689E-05	-17.50033	97.92753	145.2769	0.9806774	2.72259	2.00307	92.04726	0.00126946	0.0003636551	2.606866E-06	0.0001921088	0.002519258	0.3005923	0.01945406	0.0004746519	0.05358697	0.0001033138	10.90722	0.4649204	0.001676364	1.121522	0.0217948	0.1978554	3.420702E-08	0.0007264711	0.001095082	6.09216	0.0002415943	0.3633379						
CKbyEmotion	20191217	S093-sadness	0	MALE	FaceRecording-1	TestImage	AffRaw	20191217_193137934	480			4	1	640	490	10	0	34	6.639036	8.451237E-07	0.1303303	0.05918962	2.796735E-05	-21.12769	98.59919	145.9213	1.688214	0.7299414	1.637716	97.26595	4.905456E-05	0.002488086	1.272511E-05	0.0001956734	0.003786122	0.3792746	0.02666337	0.0003567165	0.04032891	0.0001341994	20.38719	0.4750346	0.001192639	0.9129894	0.02831268	0.2181667	3.174663E-08	0.0008279369	0.0008682123	8.341995	0.0002722531	0.3251535						
CKbyEmotion	20191217	S093-sadness	0	MALE	FaceRecording-1	TestImage	AffRaw	20191217_193137974	520			4	1	640	490	11	0	34	22.41707	7.099776E-07	0.4044803	0.2032932	1.86387E-05	-27.27055	98.6214	145.7363	1.784755	0.6489067	1.320747	98.94248	8.182682E-06	0.034038	0.000104691	0.0002063402	0.006435979	0.4951551	0.03569089	0.0002597379	0.03701331	0.0004727525	48.31452	0.4922896	0.0004255117	0.3691953	0.04918489	0.2930481	2.969453E-08	0.0009883845	0.0007114064	10.55387	0.0002892575	0.2943852						
CKbyEmotion	20191217	S093-sadness	0	MALE	FaceRecording-1	TestImage	AffRaw	20191217_193138014	560			4	1	640	490	12	0	34	43.41977	8.822274E-07	1.807682	0.6518682	1.727407E-05	-35.12198	98.43032	144.6578	2.611726	1.307625	1.222613	99.52479	5.547184E-07	0.1388883	0.0003251631	0.0002509444	0.01206567	0.4952066	0.04470064	0.0002529577	0.02953345	0.00266955	82.60229	0.5137427	0.0001076164	0.1061073	0.09939068	0.4338609	3.925776E-08	0.001560938	0.0006413255	10.25795	0.000333144	0.2445619						
CKbyEmotion	20191217	S093-sadness	0	MALE	FaceRecording-1	TestImage	AffRaw	20191217_193138054	600			4	1	640	490	13	0	34	67.17191	9.578223E-07	9.708245	1.607104	1.559334E-05	-44.42501	98.7174	146.9584	2.30673	0.2831281	1.33863	99.89122	2.407987E-07	0.5238054	0.0009193945	0.000330106	0.03664831	0.9504639	0.07084204	0.00022846	0.02595739	0.01910107	96.68128	0.5383799	2.292359E-05	0.02600989	0.2171041	0.6756282	4.866056E-08	0.002666312	0.0004367455	14.25582	0.0003990215	0.2267955						
CKbyEmotion	20191217	S093-sadness	0	MALE	FaceRecording-1	TestImage	AffRaw	20191217_193138094	640			4	1	640	490	14	0	34	83.75667	1.03089E-06	29.22278	3.859088	1.27942E-05	-52.59339	98.56881	147.1501	2.254457	0.838741	1.556095	99.97044	1.345035E-07	1.538073	0.002283318	0.0003124589	0.1573248	1.69041	0.08159672	0.0001993311	0.02382224	0.1216438	99.05346	0.6173426	7.846532E-06	0.009805424	0.3638276	0.9197878	5.217081E-08	0.004770343	0.0003570706	25.04177	0.0005015873	0.1917745						
CKbyEmotion	20191217	S093-sadness	0	MALE	FaceRecording-1	TestImage	AffRaw	20191217_193138134	680			4	1	640	490	15	0	34	90.78646	8.084293E-07	47.81775	7.990695	1.157199E-05	-58.73832	98.65999	152.2523	2.253197	-0.5050058	2.159722	99.99065	3.153196E-05	2.02275	0.002141642	0.0002930604	0.5015479	1.588106	0.1006796	0.0001466705	0.02386673	0.4913189	99.49342	0.6584761	4.943529E-06	0.006416131	0.4293046	1.048013	5.212556E-08	0.009466434	0.0002059259	41.40456	0.0006205481	0.1812018						
CKbyEmotion	20191217	S093-sadness	0	MALE	FaceRecording-1	TestImage	AffRaw	20191217_193138174	720			4	1	640	490	16	0	34	92.56799	8.109467E-07	62.99543	14.8803	1.240743E-05	-65.11072	98.71739	154.2454	2.123448	-0.2831755	1.578724	99.99659	8.36381	1.962744	0.002369862	0.0002788567	1.247897	1.546171	0.1132276	0.0001168752	0.02381651	1.196711	99.62241	0.6424513	4.39606E-06	0.005759406	0.4063955	1.083223	5.958583E-08	0.0196794	0.0001550165	56.4153	0.0007721878	0.1729652						
CKbyEmotion	20191217	S093-sadness	0	MALE	FaceRecording-1	TestImage	AffRaw	20191217_193138214	760			4	1	640	490	17	0	34	92.90424	9.102184E-07	81.12409	27.50906	1.361097E-05	-75.49447	98.65556	155.5611	1.862921	-0.521719	1.435427	99.99913	98.98695	1.461516	0.001857519	0.0003065002	2.432105	1.36366	0.1414716	9.009173E-05	0.02390378	1.775167	99.72758	0.6106452	4.286117E-06	0.005618914	0.3332378	1.089995	6.636283E-08	0.04385877	0.0001586297	63.98249	0.0009357404	0.1723759						
CKbyEmotion	20191217	S093-sadness	0	MALE	FaceRecording-1	TestImage	AffRaw	20191217_193138254	800			4	1	640	490	18	0	34	93.79739	8.931991E-07	92.64866	41.67765	1.336987E-05	-87.38271	98.60817	154.4501	2.476765	0.6973203	1.371577	99.99974	98.70106	0.6697823	0.0009012216	0.0002943988	4.354891	0.9842037	0.1411802	7.279075E-05	0.02307266	2.674257	99.81757	0.5757849	4.014938E-06	0.005274339	0.2713727	1.108197	6.590771E-08	0.08871543	0.0001542873	71.12684	0.001073527	0.1611371						
CKbyEmotion	20191217	S093-sadness	0	MALE	FaceRecording-1	TestImage	AffRaw	20191217_193138294	840			4	1	640	490	19	0	34	95.10611	9.52708E-07	97.35866	55.39349	1.351672E-05	-99.13482	98.56027	154.9073	1.593841	-0.8689315	1.185501	99.99991	92.34402	0.2944946	0.0003506368	0.0002645985	5.820412	0.5963386	0.1490103	6.211421E-05	0.02384294	2.826964	99.8812	0.5521318	3.659424E-06	0.004828492	0.2256893	1.135413	7.154365E-08	0.1907546	0.0001204597	70.34638	0.001201499	0.1557761						
