#Study : CKbyEmotion
#Date : 20191217 20:50:01
#Version : 7.2.15327.0
#TestRunDate : 20191217 19:31:37.367 (+02:00)

StudyName	ExportDate	Name	Age	Gender	StimulusName	SlideType	EventSource	Timestamp	MediaTime	PostMarker	Annotation	version	Number of faces	width	height	FrameIndex	faceid	#classifiers	Brow Furrow	Brow Raise	Engagement	Lip Corner Depressor	Smile	Valence	Attention	Interocular Distance	Pitch	Yaw	Roll	InnerBrowRaise	EyeClosure	NoseWrinkle	UpperLipRaise	LipSuck	LipPress	MouthOpen	ChinRaise	Smirk	LipPucker	Anger	Sadness	Disgust	Joy	Surprise	Fear	Contempt	Cheek Raise	Dimpler	Eye Widen	Lid Tighten	Lip Stretch	Jaw Drop	LiveMarker	KeyStroke	MarkerText	SceneType	SceneOutput	SceneParent
CKbyEmotion	20191217	S081-sadness	0	MALE	FaceRecording-1	TestImage	AffRaw	20191217_193137447	80			4	1	640	490	0	0	34	3.954684E-05	2.513164E-07	0.08139048	0.0003208365	0.04195107	0	98.04491	148.7664	-8.697741	2.425034	3.919642	0.8266906	5.732108E-11	5.245411E-07	2.147873E-07	0.03946402	0.03645106	0.4200175	0.02467932	0.002827937	0.01109422	0.002816894	0.01699398	0.427191	0.001855798	0.2222252	0.01448679	0.1921271	0.0001341774	0.008471421	11.50874	0.01349382	0.002274733	0.04355791						
CKbyEmotion	20191217	S081-sadness	0	MALE	FaceRecording-1	TestImage	AffRaw	20191217_193137487	120			4	1	640	490	1	0	34	2.707679E-05	1.2906E-07	0.08099686	0.000342196	0.04469493	0	98.16724	147.0679	-8.057904	2.095769	3.069667	0.7014585	5.318449E-11	6.677412E-07	3.168096E-07	0.04122971	0.03572004	0.3521045	0.01592465	0.003546347	0.00797421	0.003518726	0.01357084	0.4266123	0.001854342	0.2362492	0.02785449	0.1921022	0.0001450752	0.01072076	18.06927	0.01181823	0.002185956	0.04021232						
CKbyEmotion	20191217	S081-sadness	0	MALE	FaceRecording-1	TestImage	AffRaw	20191217_193137527	160			4	1	640	490	2	0	34	2.065122E-05	1.273328E-07	0.08127829	0.0006880035	0.06953547	0	98.34372	145.3045	-8.816992	1.580534	3.499475	0.6500536	5.477738E-11	6.629923E-07	3.43269E-07	0.04436276	0.0328551	0.4007101	0.01117109	0.004003935	0.006077507	0.00259681	0.01826628	0.426241	0.001863541	0.2157301	0.01116887	0.1917547	0.0002258043	0.007884209	8.952874	0.01569611	0.001360327	0.03578296						
CKbyEmotion	20191217	S081-sadness	0	MALE	FaceRecording-1	TestImage	AffRaw	20191217_193137567	200			4	1	640	490	3	0	34	2.580996E-05	2.586134E-07	0.08148285	0.001112167	0.09188929	0	98.23849	146.5901	-7.660772	1.893871	2.79895	0.690361	1.393128E-11	1.253893E-06	6.429228E-07	0.02696892	0.02780201	0.435925	0.008733295	0.003178782	0.007079788	0.00251469	0.01879911	0.4262017	0.001871568	0.2142788	0.01024894	0.1914173	0.0003468854	0.006763422	8.102368	0.01630391	0.001419908	0.03850982						
CKbyEmotion	20191217	S081-sadness	0	MALE	FaceRecording-1	TestImage	AffRaw	20191217_193137607	240			4	1	640	490	4	0	34	2.802906E-05	5.254774E-07	0.08118896	0.002032037	0.06799956	0	98.04015	144.9867	-7.831871	2.437475	3.516645	0.7450157	1.976005E-11	1.247512E-06	6.904885E-07	0.01872963	0.02573838	0.3852949	0.007603669	0.002608487	0.009802357	0.002571016	0.0185061	0.4267209	0.001862549	0.2157009	0.01100358	0.1917484	0.0002703427	0.006161399	8.787281	0.02409694	0.001261155	0.03614539						
CKbyEmotion	20191217	S081-sadness	0	MALE	FaceRecording-1	TestImage	AffRaw	20191217_193137647	280			4	1	640	490	5	0	34	1.810718E-05	9.073393E-07	0.08063091	0.003866671	0.03342636	0	98.35207	144.8367	-8.128585	1.554837	4.23906	1.107791	8.470989E-11	6.475167E-07	4.341157E-07	0.01489149	0.02677216	0.2886654	0.007533688	0.001937552	0.009756606	0.00232906	0.02083715	0.4270708	0.001848794	0.2110633	0.008498908	0.1922316	0.0001164563	0.006219623	6.12158	0.03119216	0.001285618	0.03791342						
CKbyEmotion	20191217	S081-sadness	0	MALE	FaceRecording-1	TestImage	AffRaw	20191217_193137687	320			4	1	640	490	6	0	34	1.635797E-05	2.052426E-06	0.08017386	0.0103653	0.0215232	0	97.8549	145.1378	-7.865415	2.898486	4.165527	1.726454	3.301532E-11	4.950018E-07	3.555606E-07	0.0119441	0.02569719	0.2090201	0.007689741	0.001706611	0.02110522	0.002274904	0.02187193	0.4269068	0.001842526	0.2130349	0.008501623	0.1923982	7.028047E-05	0.005426338	6.014915	0.03980738	0.001003742	0.03800921						
CKbyEmotion	20191217	S081-sadness	0	MALE	FaceRecording-1	TestImage	AffRaw	20191217_193137727	360			4	1	640	490	7	0	34	1.63979E-05	6.340308E-06	0.07979528	0.03652876	0.01250095	0	98.29769	146.1415	-8.042338	1.719911	4.30827	3.621224	4.276054E-11	5.368246E-07	4.618494E-07	0.00934731	0.02251036	0.1427008	0.009288374	0.001165715	0.02784854	0.002074032	0.02565807	0.4268939	0.00183759	0.2189519	0.008022927	0.1925171	3.926401E-05	0.005251663	5.120566	0.05106433	0.0009889577	0.04606926						
CKbyEmotion	20191217	S081-sadness	0	MALE	FaceRecording-1	TestImage	AffRaw	20191217_193137767	400			4	1	640	490	8	0	34	1.587554E-05	1.933217E-05	0.0797509	0.09993803	0.01281022	0	98.36356	144.0548	-7.278377	1.519246	4.070172	6.696444	6.723919E-11	6.26743E-07	6.665896E-07	0.01007153	0.0177155	0.1349044	0.01205935	0.001022042	0.06230554	0.001845938	0.03200239	0.4271336	0.001837422	0.2318414	0.008082701	0.1925097	3.874522E-05	0.006039054	4.697289	0.06792238	0.0009208599	0.05874122						
CKbyEmotion	20191217	S081-sadness	0	MALE	FaceRecording-1	TestImage	AffRaw	20191217_193137807	440			4	1	640	490	9	0	34	1.876338E-05	8.877701E-05	0.08074159	0.3078137	0.01094735	0	97.95898	145.4896	-6.503273	2.644484	4.827508	13.7398	2.345025E-11	1.291509E-06	1.731606E-06	0.009597009	0.01919321	0.1147374	0.01668452	0.0008557113	0.1248373	0.001447251	0.05193232	0.4275926	0.001836185	0.2661053	0.008816392	0.1925332	3.679094E-05	0.006808299	4.433348	0.08756742	0.0009267078	0.08150153						
CKbyEmotion	20191217	S081-sadness	0	MALE	FaceRecording-1	TestImage	AffRaw	20191217_193137847	480			4	1	640	490	10	0	34	2.65813E-05	0.0002684946	0.08296683	0.6885665	0.009630167	0	97.84521	144.3579	-6.208746	2.921557	4.659704	25.01903	1.365437E-11	2.456325E-06	3.877446E-06	0.008548456	0.0207044	0.096339	0.02541944	0.0006470049	0.2059304	0.001015716	0.1088477	0.428294	0.001835162	0.3353797	0.01127156	0.192548	3.88008E-05	0.00740855	5.080728	0.1128959	0.0008210953	0.1044524						
CKbyEmotion	20191217	S081-sadness	0	MALE	FaceRecording-1	TestImage	AffRaw	20191217_193137887	520			4	1	640	490	11	0	34	3.550593E-05	0.0008003304	0.08833593	1.566675	0.008672975	-1.045929	97.9027	144.9939	-6.317909	2.783374	4.799752	42.01561	2.664936E-11	5.420753E-06	9.037747E-06	0.00809424	0.02050413	0.07666828	0.03596468	0.0005206741	0.3238327	0.000594458	0.3346146	0.4296923	0.001834186	0.4750923	0.01612935	0.1925592	3.932244E-05	0.008210914	5.995214	0.1516752	0.0008701826	0.1563478						
CKbyEmotion	20191217	S081-sadness	0	MALE	FaceRecording-1	TestImage	AffRaw	20191217_193137927	560			4	1	640	490	12	0	34	5.687297E-05	0.001843732	0.09603539	2.736683	0.008245013	-7.311798	98.17923	145.2846	-6.607062	2.062314	4.455728	57.49022	4.678856E-11	4.025049E-05	5.925879E-05	0.007059469	0.02084657	0.07035901	0.04321101	0.000486642	0.4653948	0.0003599068	0.9477402	0.4315653	0.001833782	0.649283	0.02131847	0.1925648	4.469579E-05	0.008462258	6.41057	0.1841115	0.0008115215	0.1849689						
CKbyEmotion	20191217	S081-sadness	0	MALE	FaceRecording-1	TestImage	AffRaw	20191217_193137967	600			4	1	640	490	13	0	34	8.681607E-05	0.003003319	0.1026245	3.665492	0.007532352	-16.49522	98.32176	144.9021	-7.577093	1.647488	4.628706	82.00038	7.812687E-11	0.0002276389	0.0003074118	0.005016817	0.02590913	0.05533807	0.05286328	0.0005006607	0.6064839	0.0001578621	4.814079	0.4345925	0.001832994	1.053933	0.03085069	0.1925754	4.758141E-05	0.008446576	6.190598	0.2933998	0.000805214	0.2255991						
CKbyEmotion	20191217	S081-sadness	0	MALE	FaceRecording-1	TestImage	AffRaw	20191217_193138007	640			4	1	640	490	14	0	34	0.0001198581	0.004706607	0.1144162	5.188162	0.006477973	-21.74794	98.33922	145.661	-6.707933	1.594306	5.31586	93.69131	2.996348E-11	0.0008247634	0.0009617578	0.003824041	0.03049233	0.03992215	0.06792118	0.0004508444	0.6770662	0.0001048084	10.4704	0.4381837	0.001832059	1.320994	0.03432087	0.1925897	4.577196E-05	0.007550028	5.581	0.4865963	0.0007903993	0.2824838						
CKbyEmotion	20191217	S081-sadness	0	MALE	FaceRecording-1	TestImage	AffRaw	20191217_193138047	680			4	1	640	490	15	0	34	0.0001485174	0.006355715	0.1389449	7.909237	0.005920589	-25.49171	98.18101	146.2702	-6.292064	2.057333	4.744455	98.17694	1.131858E-11	0.002171029	0.001998739	0.003110518	0.03386532	0.02683986	0.1064718	0.0004238714	0.7929377	9.197226E-05	14.23109	0.4420548	0.001831353	1.45189	0.03720281	0.1925973	4.474108E-05	0.007840454	6.111042	0.6843664	0.0008026211	0.3346122						
CKbyEmotion	20191217	S081-sadness	0	MALE	FaceRecording-1	TestImage	AffRaw	20191217_193138087	720			4	1	640	490	16	0	34	0.0002472293	0.00678494	0.1618275	10.04637	0.00553465	-27.66433	98.05685	147.7138	-6.826365	2.39384	4.848306	99.39464	1.512071E-11	0.004774676	0.002566207	0.002965224	0.02878812	0.01676679	0.2157806	0.0003895727	0.9565053	8.884612E-05	15.92882	0.4479806	0.001830866	1.489676	0.03682112	0.1926025	4.62565E-05	0.008779453	6.181818	1.077761	0.0007908653	0.3971525						
CKbyEmotion	20191217	S081-sadness	0	MALE	FaceRecording-1	TestImage	AffRaw	20191217_193138127	760			4	1	640	490	17	0	34	0.0003966283	0.00724695	0.2167598	14.14291	0.005345018	-31.15485	98.39141	147.2096	-6.883315	1.43201	5.390236	99.8288	1.122853E-11	0.009569721	0.003299416	0.003431172	0.03481372	0.01308716	0.3522911	0.0003813235	1.191709	8.600871E-05	18.09999	0.4548659	0.00183064	1.494432	0.03229992	0.1926056	4.876788E-05	0.00978478	5.50499	1.375987	0.0007911965	0.4670761						
CKbyEmotion	20191217	S081-sadness	0	MALE	FaceRecording-1	TestImage	AffRaw	20191217_193138167	800			4	1	640	490	18	0	34	0.0006049807	0.007934191	0.2798911	17.71527	0.005258719	-34.13531	98.1354	146.9188	-6.596807	2.183506	4.4829	99.93514	6.399408E-12	0.02462188	0.006107807	0.003724584	0.03137486	0.01293793	0.5465775	0.0003931766	1.307662	8.820828E-05	19.22517	0.4632055	0.001830543	1.508455	0.03256261	0.1926078	5.254591E-05	0.01178968	6.174501	1.945945	0.0007288966	0.4991919						
CKbyEmotion	20191217	S081-sadness	0	MALE	FaceRecording-1	TestImage	AffRaw	20191217_193138207	840			4	1	640	490	19	0	34	0.0007540334	0.01216079	0.408761	23.0192	0.005640389	-38.55206	98.76678	143.6721	-6.461785	0.08431164	4.62736	99.97852	2.939918E-11	0.04102095	0.01076883	0.003897766	0.03857862	0.01607217	0.924013	0.0004137603	1.710272	8.907595E-05	21.43046	0.476756	0.00183049	1.510903	0.02968292	0.1926033	6.298153E-05	0.01648055	6.140596	2.744843	0.0007334541	0.5410327						
CKbyEmotion	20191217	S081-sadness	0	MALE	FaceRecording-1	TestImage	AffRaw	20191217_193138247	880			4	1	640	490	20	0	34	0.0008868724	0.01380008	0.4088933	23.00352	0.005729005	-38.68916	98.22925	146.052	-5.729461	1.92048	5.472977	99.98889	7.775078E-11	0.06124828	0.01601092	0.004633328	0.04735701	0.01617221	1.296976	0.0004185374	1.775368	9.329188E-05	20.86193	0.4819774	0.001830406	1.527422	0.03287384	0.1926026	7.105684E-05	0.02188566	7.166508	3.264828	0.0007206948	0.5659552						
CKbyEmotion	20191217	S081-sadness	0	MALE	FaceRecording-1	TestImage	AffRaw	20191217_193138287	920			4	1	640	490	21	0	34	0.001040465	0.01961267	0.5583572	27.33396	0.006100705	-42.36287	98.63985	142.8581	-6.989378	0.5806114	5.365816	99.99487	1.42585E-10	0.1134556	0.03210439	0.004601444	0.06396433	0.01887041	1.735512	0.0004969508	2.04846	9.749549E-05	22.18201	0.5024241	0.001830241	1.543378	0.03339572	0.1925994	8.328058E-05	0.02580822	8.065244	4.442303	0.0007339978	0.6208879						
CKbyEmotion	20191217	S081-sadness	0	MALE	FaceRecording-1	TestImage	AffRaw	20191217_193138327	960			4	1	640	490	22	0	34	0.00122801	0.02282271	0.7068985	30.53825	0.006192258	-45.23841	98.44396	145.2994	-6.653465	1.263286	4.845329	99.99648	2.076576E-10	0.2325261	0.06906353	0.005842935	0.0849537	0.02060542	2.333369	0.0005429055	2.000054	9.69015E-05	24.05841	0.5211608	0.001830112	1.531643	0.02930153	0.1925997	9.219575E-05	0.03274862	7.288347	5.276962	0.0007015356	0.6104901						
CKbyEmotion	20191217	S081-sadness	0	MALE	FaceRecording-1	TestImage	AffRaw	20191217_193138367	1000			4	1	640	490	23	0	34	0.001601863	0.02044818	0.5739137	27.50014	0.005818741	-43.02921	98.38921	146.4198	-6.672534	1.438955	4.685887	99.99767	2.266486E-11	0.3341909	0.1080056	0.006786454	0.1018888	0.01938055	2.745832	0.0005517	2.373484	9.539226E-05	23.22105	0.5218002	0.001830056	1.51972	0.02815435	0.1926066	9.40424E-05	0.03950084	6.399491	6.09058	0.0007063793	0.6655513						
