#Study : CKbyEmotion
#Date : 20191217 20:50:01
#Version : 7.2.15327.0
#TestRunDate : 20191217 18:05:02.254 (+02:00)

StudyName	ExportDate	Name	Age	Gender	StimulusName	SlideType	EventSource	Timestamp	MediaTime	PostMarker	Annotation	version	Number of faces	width	height	FrameIndex	faceid	#classifiers	Brow Furrow	Brow Raise	Engagement	Lip Corner Depressor	Smile	Valence	Attention	Interocular Distance	Pitch	Yaw	Roll	InnerBrowRaise	EyeClosure	NoseWrinkle	UpperLipRaise	LipSuck	LipPress	MouthOpen	ChinRaise	Smirk	LipPucker	Anger	Sadness	Disgust	Joy	Surprise	Fear	Contempt	Cheek Raise	Dimpler	Eye Widen	Lid Tighten	Lip Stretch	Jaw Drop	LiveMarker	KeyStroke	MarkerText	SceneType	SceneOutput	SceneParent
CKbyEmotion	20191217	S055-fear	0	MALE	FaceRecording-1	TestImage	AffRaw	20191217_180502334	80			4	1	640	490	0	0	34	46.44965	6.58747E-07	50.90089	0.0008129732	0.001171575	-1.861862	97.52874	138.6352	-0.5258153	-3.622897	5.655935	0.4121784	2.686092E-12	0.3092922	0.415095	0.000175714	0.007318355	54.0549	0.003997649	0.001687604	0.005728906	1.057832	0.01159734	1.181487	0.0002337508	0.09637838	24.32267	0.4591357	9.395428E-05	0.002573594	73.1367	0.05441049	0.0008711399	0.1158295						
CKbyEmotion	20191217	S055-fear	0	MALE	FaceRecording-1	TestImage	AffRaw	20191217_180502374	120			4	1	640	490	1	0	34	12.19894	2.272967E-07	24.95422	0.00121291	0.00989691	0	98.32788	139.0028	3.776303	-1.628943	6.158105	0.4222957	1.782503E-12	0.3269334	0.8076354	0.0001095684	0.007017533	72.38628	0.003845156	0.0008166029	0.05023291	0.05988351	0.001527552	1.668794	0.003074251	0.8391727	0.3200782	0.2419129	0.0004390892	0.002482509	38.56078	0.04417801	0.0007093381	0.3071764						
CKbyEmotion	20191217	S055-fear	0	MALE	FaceRecording-1	TestImage	AffRaw	20191217_180502414	160			4	1	640	490	2	0	34	20.67576	2.33048E-07	44.82076	0.0008119164	0.01822764	0	98.47525	138.6842	3.371758	-1.160149	6.124867	0.7087138	1.77443E-12	1.02606	2.530738	0.0001023263	0.006611718	76.41342	0.003778612	0.0008546484	0.04144283	0.1369952	0.00259479	2.043006	0.001901818	0.5610034	0.4138999	0.2832932	0.001080191	0.002400118	38.26708	0.04751243	0.0006316773	0.2896018						
CKbyEmotion	20191217	S055-fear	0	MALE	FaceRecording-1	TestImage	AffRaw	20191217_180502454	200			4	1	640	490	3	0	34	32.07127	2.481005E-07	53.36586	0.0004731449	0.01576428	0	98.42772	138.3632	0.1058138	-1.31603	6.261284	1.397162	3.251945E-12	1.660471	3.681078	6.72953E-05	0.006431709	69.81646	0.00293729	0.0009648139	0.04319902	0.2761614	0.01151736	2.012552	0.0007997841	0.2187456	0.2021094	0.3506083	0.001544073	0.002428817	27.17244	0.07207704	0.0004550668	0.3185382						
CKbyEmotion	20191217	S055-fear	0	MALE	FaceRecording-1	TestImage	AffRaw	20191217_180502494	240			4	1	640	490	4	0	34	41.37971	3.3328E-07	70.94807	0.0004655892	0.01461961	-2.396156	98.54168	136.8537	-1.105836	-0.9340194	6.396202	2.428478	1.228624E-12	1.112701	2.405542	5.783882E-05	0.006616663	71.12035	0.002395129	0.001433548	0.02886576	0.6004717	0.01729338	1.86619	0.000445227	0.1451401	0.7229197	0.4172433	0.001393642	0.003216042	36.6816	0.1463858	0.0004018378	0.280757						
CKbyEmotion	20191217	S055-fear	0	MALE	FaceRecording-1	TestImage	AffRaw	20191217_180502534	280			4	1	640	490	5	0	34	68.08633	2.338058E-07	95.62942	0.0005989912	0.023148	-12.67783	98.05736	136.3541	-2.16944	-2.392467	5.796034	4.922071	3.550695E-13	1.491069	2.452757	6.362404E-05	0.01139343	75.11185	0.003164155	0.001723656	0.03867853	5.475571	0.1226792	2.075769	8.346997E-05	0.03482887	2.256654	0.6861568	0.002556295	0.006610432	38.93872	0.2762344	0.0006127129	0.3712438						
CKbyEmotion	20191217	S055-fear	0	MALE	FaceRecording-1	TestImage	AffRaw	20191217_180502574	320			4	1	640	490	6	0	34	75.99887	1.414735E-07	99.07552	0.0008698831	0.02868628	-16.58662	98.32655	136.4305	-1.629288	-1.632969	5.646604	10.10834	1.365421E-12	1.152444	1.75327	0.0001028986	0.02084098	89.44283	0.005474453	0.001721668	0.03052654	12.7553	0.1636348	2.526099	6.4589E-05	0.03632874	5.183548	0.794694	0.003335188	0.01032959	44.11362	0.3797887	0.0008118257	0.5302946						
CKbyEmotion	20191217	S055-fear	0	MALE	FaceRecording-1	TestImage	AffRaw	20191217_180502614	360			4	1	640	490	7	0	34	75.57492	1.333571E-07	99.38285	0.002969921	0.05253282	-18.18477	98.53458	136.237	-3.026112	-0.9586992	4.9686	14.3879	3.594155E-12	1.379788	2.0169	0.0002963481	0.06471814	95.56784	0.01014385	0.00199537	0.01584081	12.65814	0.1563279	2.900048	7.451943E-05	0.04892759	7.029624	0.7870765	0.005405947	0.02630446	46.89834	0.4259149	0.001860772	0.8231682						
