#Study : CKbyEmotion
#Date : 20191217 20:50:02
#Version : 7.2.15327.0
#TestRunDate : 20191217 17:32:57.693 (+02:00)

StudyName	ExportDate	Name	Age	Gender	StimulusName	SlideType	EventSource	Timestamp	MediaTime	PostMarker	Annotation	version	Number of faces	width	height	FrameIndex	faceid	#classifiers	Brow Furrow	Brow Raise	Engagement	Lip Corner Depressor	Smile	Valence	Attention	Interocular Distance	Pitch	Yaw	Roll	InnerBrowRaise	EyeClosure	NoseWrinkle	UpperLipRaise	LipSuck	LipPress	MouthOpen	ChinRaise	Smirk	LipPucker	Anger	Sadness	Disgust	Joy	Surprise	Fear	Contempt	Cheek Raise	Dimpler	Eye Widen	Lid Tighten	Lip Stretch	Jaw Drop	LiveMarker	KeyStroke	MarkerText	SceneType	SceneOutput	SceneParent
CKbyEmotion	20191217	S106-disgust	0	MALE	FaceRecording-1	TestImage	AffRaw	20191217_173257773	80			4	1	640	490	0	0	34	0.09615404	0.000518707	0.08295193	0.0003987133	0.02743702	0	96.35956	153.3454	-6.158751	5.620099	1.557439	0.04474811	2.898533E-10	0.000992747	0.0001585271	6.355115E-05	0.003434279	0.5901611	0.002028498	0.0001352054	0.01403367	0.002027364	0.02375956	0.4297743	0.001845454	0.1950095	0.004532982	0.1926273	0.0008241439	0.000910097	7.393973E-05	0.06403917	0.0003575586	0.1084178						
CKbyEmotion	20191217	S106-disgust	0	MALE	FaceRecording-1	TestImage	AffRaw	20191217_173257813	120			4	1	640	490	1	0	34	0.3568743	0.004437322	1.285742	0.0004277866	0.05041197	0	96.2515	159.1241	-15.47966	5.771962	0.9903676	0.006124645	7.701414E-07	0.004875334	0.001512723	0.0002188835	0.002816453	38.87061	0.003810024	3.066264E-05	0.01131226	0.007868234	0.006736227	0.884455	0.003652024	0.4992952	0.004543703	0.1932346	0.00193924	0.0008748114	2.149054E-05	1.235062	0.000452397	0.2290092						
CKbyEmotion	20191217	S106-disgust	0	MALE	FaceRecording-1	TestImage	AffRaw	20191217_173257853	160			4	1	640	490	2	0	34	2.479598	0.001185558	0.3744344	0.001805582	0.01296258	0	96.36519	169.4397	-14.93304	5.612065	2.259506	0.001430081	20.80812	0.009029098	0.001823413	0.001213879	0.00318822	19.3478	0.01400481	4.606795E-06	0.03948763	0.004876292	0.01517507	0.7686837	0.002215265	0.2806322	0.0045941	0.2016287	0.0006134672	0.001467545	7.693884E-05	1.085414	0.0004986331	2.096103						
CKbyEmotion	20191217	S106-disgust	0	MALE	FaceRecording-1	TestImage	AffRaw	20191217_173257893	200			4	1	640	490	3	0	34	5.596675	0.0005846734	0.1723706	0.003349998	0.0116109	0	96.04847	167.5913	-14.21673	6.046258	2.131591	0.0007022117	99.88586	0.03183696	0.005043583	0.001449222	0.002783618	5.341575	0.0299859	3.390591E-06	0.0813553	0.00403769	0.03057711	0.5023969	0.001400029	0.192823	0.003897375	0.2137598	0.0008287988	0.0009211656	0.0001235563	1.450278	0.0003558102	10.14969						
CKbyEmotion	20191217	S106-disgust	0	MALE	FaceRecording-1	TestImage	AffRaw	20191217_173257933	240			4	1	640	490	4	0	34	12.00894	0.0003208001	0.2666653	0.0069662	0.01270038	0	95.17486	166.1641	-14.67927	7.090624	2.058607	0.0004595598	99.79604	0.07663096	0.01068267	0.002431025	0.002427648	3.540397	0.04260336	3.261654E-06	0.1226227	0.007161912	0.05250921	0.6032024	0.0008906755	0.1391958	0.004061928	0.2409835	0.001236554	0.0008006999	0.0001431999	3.427631	0.0003369949	15.31746						
CKbyEmotion	20191217	S106-disgust	0	MALE	FaceRecording-1	TestImage	AffRaw	20191217_173257973	280			4	1	640	490	5	0	34	27.67035	0.0001741747	8.171144	0.01366091	0.01277167	0	95.28753	164.7359	-14.43205	6.966566	2.933073	0.0005403883	99.08448	0.1965297	0.02187354	0.002453608	0.002661315	2.783599	0.08425448	2.498363E-06	0.1792798	0.02958832	0.1741247	1.333171	0.000315176	0.06350033	0.005130597	0.3229676	0.001741609	0.0007426881	0.0001107581	6.20635	0.0003846219	23.96826						
CKbyEmotion	20191217	S106-disgust	0	MALE	FaceRecording-1	TestImage	AffRaw	20191217_173258013	320			4	1	640	490	6	0	34	54.77205	7.167783E-05	23.88047	0.01424171	0.01556455	-4.545547	96.02518	162.3893	-14.20978	6.076841	2.052731	0.0004950841	75.10822	0.5516275	0.05774656	0.002205827	0.001921283	3.302286	0.1096211	2.982308E-06	0.1777522	0.4538401	1.291678	1.847243	5.400599E-05	0.01158612	0.01467305	0.5355876	0.003168585	0.0007397271	8.663212E-05	15.38698	0.0003741728	19.5375						
CKbyEmotion	20191217	S106-disgust	0	MALE	FaceRecording-1	TestImage	AffRaw	20191217_173258053	360			4	1	640	490	7	0	34	77.39346	6.123655E-05	94.6368	0.0200514	0.01947647	-14.45234	95.70127	161.0134	-14.04103	6.48544	1.887871	0.0005334573	66.33619	3.929124	0.3486238	0.002482355	0.002466373	5.619082	0.1715574	3.135742E-06	0.1984305	4.775094	6.197914	6.345133	1.282229E-05	0.003269999	0.02944278	0.8159876	0.005363941	0.0007117138	7.592523E-05	24.10141	0.0003858335	21.25068						
