#Study : CKbyEmotion
#Date : 20191217 20:50:02
#Version : 7.2.15327.0
#TestRunDate : 20191217 17:32:56.813 (+02:00)

StudyName	ExportDate	Name	Age	Gender	StimulusName	SlideType	EventSource	Timestamp	MediaTime	PostMarker	Annotation	version	Number of faces	width	height	FrameIndex	faceid	#classifiers	Brow Furrow	Brow Raise	Engagement	Lip Corner Depressor	Smile	Valence	Attention	Interocular Distance	Pitch	Yaw	Roll	InnerBrowRaise	EyeClosure	NoseWrinkle	UpperLipRaise	LipSuck	LipPress	MouthOpen	ChinRaise	Smirk	LipPucker	Anger	Sadness	Disgust	Joy	Surprise	Fear	Contempt	Cheek Raise	Dimpler	Eye Widen	Lid Tighten	Lip Stretch	Jaw Drop	LiveMarker	KeyStroke	MarkerText	SceneType	SceneOutput	SceneParent
CKbyEmotion	20191217	S080-disgust	0	MALE	FaceRecording-1	TestImage	AffRaw	20191217_173256893	80			4	1	640	490	0	0	34	0.03387741	1.945352E-06	0.08922172	0.0003169889	0.0003877668	0	96.60064	141.8848	-9.522572	5.265021	-4.989726	6.542699	1.407188E-08	7.211887E-06	7.657224E-07	7.800302E-05	0.006427025	1.673404	0.0008107898	0.0002187744	0.002017211	0.001622333	0.03519243	0.4390779	0.001881534	0.2288437	0.005075418	0.1927945	5.098826E-07	0.001230647	0.03671476	0.3664853	0.0008402991	0.06904862						
CKbyEmotion	20191217	S080-disgust	0	MALE	FaceRecording-1	TestImage	AffRaw	20191217_173256933	120			4	1	640	490	1	0	34	1.200953	6.441505E-06	0.09840605	0.0003827594	0.001169061	0	97.38618	142.0293	-10.5053	3.910645	-5.126457	4.936377	3.983612E-09	0.001484244	0.000105535	0.0002013706	0.003961837	1.879307	0.0008021054	0.0001076	0.001655012	0.001918678	0.03428083	0.4407367	0.001749919	0.2086251	0.005097177	0.1970377	5.960635E-06	0.000991847	0.03136021	0.3020174	0.0005701924	0.2867395						
CKbyEmotion	20191217	S080-disgust	0	MALE	FaceRecording-1	TestImage	AffRaw	20191217_173256973	160			4	1	640	490	2	0	34	3.52399	4.096845E-05	0.142985	0.0003591316	0.002104586	0	97.64214	141.1927	-11.84386	3.382238	-7.603106	3.025274	3.293328E-09	0.01025342	0.00177552	0.0001142517	0.001277155	4.793434	0.0006522947	2.170409E-05	0.001389809	0.002778655	0.03260893	0.4650623	0.00158511	0.1879383	0.005327517	0.2057754	1.939945E-05	0.0002377753	0.02182495	0.3030293	0.0001377844	0.2973709						
CKbyEmotion	20191217	S080-disgust	0	MALE	FaceRecording-1	TestImage	AffRaw	20191217_173257013	200			4	1	640	490	3	0	34	4.7638	3.343391E-05	0.1824694	0.001399752	0.00307658	0	97.65714	141.1862	-10.408	3.349543	-5.774695	1.932153	4.459105E-08	0.04858949	0.008233463	8.962642E-05	0.001388546	6.972966	0.001960361	1.887247E-05	0.002655919	0.003474617	0.03093297	0.4856484	0.001520883	0.183274	0.005306708	0.2105893	4.985519E-05	0.0002030074	0.02782163	0.3444847	0.0001616559	1.123608						
CKbyEmotion	20191217	S080-disgust	0	MALE	FaceRecording-1	TestImage	AffRaw	20191217_173257053	240			4	1	640	490	4	0	34	11.01054	6.153535E-05	0.4738139	0.005586148	0.004142166	0	97.45635	139.5967	-10.55329	3.770973	-6.050583	1.057522	2.283204E-07	0.1851762	0.05069335	0.000125616	0.0006233352	14.12639	0.01273038	1.364389E-05	0.01211752	0.007710955	0.03674934	0.5608518	0.001151024	0.1562021	0.005880117	0.2366766	0.0001104626	6.083625E-05	0.01099363	0.3808933	7.634884E-05	3.799898						
CKbyEmotion	20191217	S080-disgust	0	MALE	FaceRecording-1	TestImage	AffRaw	20191217_173257093	280			4	1	640	490	5	0	34	40.70494	4.387056E-05	5.141537	0.01284691	0.003917329	-0.4451141	97.619	141.5426	-12.53083	3.432231	-4.821139	0.6935433	4.051423E-07	1.213294	0.2899682	6.828507E-05	0.0006006908	18.48458	0.03924457	6.117491E-06	0.0555359	0.1077254	0.2869766	0.6721662	0.0001783927	0.03408353	0.01211293	0.4122866	0.0002165295	4.027003E-05	0.009581729	0.4400284	7.39164E-05	11.62214						
CKbyEmotion	20191217	S080-disgust	0	MALE	FaceRecording-1	TestImage	AffRaw	20191217_173257133	320			4	1	640	490	6	0	34	74.0879	2.085127E-05	51.78336	0.02406964	0.003396147	-14.50564	97.33115	141.4211	-13.1351	4.017648	-4.874328	0.4179108	5.577963E-07	4.724421	1.324463	5.64839E-05	0.0001439293	26.9112	0.1979071	3.695069E-06	0.2131074	2.298449	2.543917	1.117286	2.338394E-05	0.006573307	0.02846303	0.7682437	0.0004014988	2.123001E-05	0.004427453	0.6051803	6.015204E-05	19.21239						
CKbyEmotion	20191217	S080-disgust	0	MALE	FaceRecording-1	TestImage	AffRaw	20191217_173257173	360			4	1	640	490	7	0	34	89.54711	1.481846E-05	83.01532	0.03240491	0.003260884	-65.4429	97.78606	144.2198	-15.42447	3.059934	-4.375891	0.3474303	8.715318E-07	59.43498	25.85329	5.848412E-05	0.0001327689	32.66686	0.7816074	2.275883E-06	0.8942873	9.430407	6.401181	82.49642	9.43853E-06	0.004737706	0.02219412	1.023924	0.0005938907	2.972185E-05	0.002745669	0.6938599	7.163642E-05	42.09267						
CKbyEmotion	20191217	S080-disgust	0	MALE	FaceRecording-1	TestImage	AffRaw	20191217_173257213	400			4	1	640	490	8	0	34	94.36887	1.176988E-05	90.09796	0.04112371	0.003301984	-99.99584	97.58523	144.9208	-16.20042	3.504395	-4.598305	0.2529424	1.185547E-06	87.47896	67.89478	5.053633E-05	8.794646E-05	36.54531	1.89043	1.543532E-06	2.62899	15.14664	7.898338	99.71729	7.386969E-06	0.004781999	0.01853264	1.11972	0.0008039334	1.892186E-05	0.00191212	0.7739511	5.632871E-05	52.27011						
