#Study : CKbyEmotion
#Date : 20191217 20:50:02
#Version : 7.2.15327.0
#TestRunDate : 20191217 17:32:56.449 (+02:00)

StudyName	ExportDate	Name	Age	Gender	StimulusName	SlideType	EventSource	Timestamp	MediaTime	PostMarker	Annotation	version	Number of faces	width	height	FrameIndex	faceid	#classifiers	Brow Furrow	Brow Raise	Engagement	Lip Corner Depressor	Smile	Valence	Attention	Interocular Distance	Pitch	Yaw	Roll	InnerBrowRaise	EyeClosure	NoseWrinkle	UpperLipRaise	LipSuck	LipPress	MouthOpen	ChinRaise	Smirk	LipPucker	Anger	Sadness	Disgust	Joy	Surprise	Fear	Contempt	Cheek Raise	Dimpler	Eye Widen	Lid Tighten	Lip Stretch	Jaw Drop	LiveMarker	KeyStroke	MarkerText	SceneType	SceneOutput	SceneParent
CKbyEmotion	20191217	S074-disgust	0	MALE	FaceRecording-1	TestImage	AffRaw	20191217_173256529	80			4	1	640	490	0	0	34	0.1886333	0.0009755123	0.1535604	0.002206345	0.003080849	0	98.11774	142.3389	-7.839131	2.23153	3.506421	0.2258863	6.429925E-11	0.03343181	0.1938252	0.0001099572	0.003884044	9.129235	0.001583557	2.08297E-05	0.01401424	0.002691961	0.01819869	0.5078136	0.002133844	0.2423323	0.004564426	0.1933106	0.0001147766	0.002154786	0.08155917	0.006957603	0.0002207383	0.3757964						
CKbyEmotion	20191217	S074-disgust	0	MALE	FaceRecording-1	TestImage	AffRaw	20191217_173256569	120			4	1	640	490	1	0	34	0.3268107	0.000828429	0.1319987	0.004342157	0.005788275	0	97.81843	142.2107	-7.424102	2.984655	4.219835	0.2163141	7.616235E-11	0.1286848	0.7401665	0.0006126428	0.003453567	6.869812	0.00305086	1.573886E-05	0.0122751	0.002526095	0.0198322	0.5026284	0.002030433	0.2278798	0.004541536	0.1937718	0.0003210814	0.004855244	0.0497742	0.006482138	0.0005890022	0.5586048						
CKbyEmotion	20191217	S074-disgust	0	MALE	FaceRecording-1	TestImage	AffRaw	20191217_173256609	160			4	1	640	490	2	0	34	0.4041397	0.0008017474	0.1361266	0.004728877	0.007231604	0	97.80544	143.0319	-6.996644	3.015017	4.077065	0.2240831	5.564318E-11	0.1850958	1.235208	0.0007161427	0.003024176	7.224166	0.002639359	1.463641E-05	0.01173035	0.002571506	0.01972892	0.5187134	0.00203372	0.2286051	0.004556768	0.1940314	0.0004576315	0.00330849	0.03920074	0.00608083	0.0004166041	0.5044708						
CKbyEmotion	20191217	S074-disgust	0	MALE	FaceRecording-1	TestImage	AffRaw	20191217_173256649	200			4	1	640	490	3	0	34	0.4650539	0.0004012848	0.1319377	0.003278026	0.00606709	0	98.26066	143.6669	-6.930587	1.829401	2.295052	0.1840837	3.294713E-11	0.1975879	1.130197	0.0003920343	0.003419925	6.725087	0.002249498	1.086472E-05	0.0126514	0.002546487	0.02010118	0.5124896	0.002006975	0.2245854	0.00456808	0.1942696	0.0004254635	0.003496039	0.03595208	0.006407534	0.0003907078	0.4646804						
CKbyEmotion	20191217	S074-disgust	0	MALE	FaceRecording-1	TestImage	AffRaw	20191217_173256689	240			4	1	640	490	4	0	34	1.190602	0.0003985236	0.1769653	0.00409614	0.005449201	0	97.42604	143.2231	-7.64677	3.831763	3.867485	0.143144	7.262917E-11	0.3088241	1.634314	0.0003257528	0.00333337	10.11658	0.002182998	1.067576E-05	0.01207335	0.003034457	0.01890538	0.5617977	0.002035416	0.2332981	0.004695436	0.1969344	0.0004678784	0.002579014	0.03732211	0.007665837	0.0003005335	0.3496357						
CKbyEmotion	20191217	S074-disgust	0	MALE	FaceRecording-1	TestImage	AffRaw	20191217_173256729	280			4	1	640	490	5	0	34	2.776496	0.0002653169	0.235413	0.008588084	0.005614003	0	97.93748	143.8725	-6.397769	2.697995	4.31076	0.1724915	8.29429E-11	0.5132862	2.200484	0.0003917974	0.003264587	12.53432	0.003619053	7.430117E-06	0.009547017	0.003749898	0.01968428	0.6117097	0.001917242	0.2257447	0.004943448	0.2028636	0.0005772399	0.002118786	0.03822416	0.01128579	0.0003512184	0.4062701						
CKbyEmotion	20191217	S074-disgust	0	MALE	FaceRecording-1	TestImage	AffRaw	20191217_173256769	320			4	1	640	490	6	0	34	4.801744	0.0001620851	0.2984779	0.01405771	0.006157581	0	98.03948	143.707	-7.500285	2.439192	2.877685	0.2113546	2.835426E-10	0.9941027	3.786321	0.0003572402	0.002843197	13.8409	0.005123986	7.986161E-06	0.006070689	0.004631013	0.02200303	0.6974864	0.001719746	0.2066896	0.005287775	0.2106901	0.0008196979	0.001429296	0.02800772	0.0189462	0.0003323203	0.396435						
CKbyEmotion	20191217	S074-disgust	0	MALE	FaceRecording-1	TestImage	AffRaw	20191217_173256809	360			4	1	640	490	7	0	34	8.642274	0.0001014218	0.507745	0.02635517	0.007085509	0	97.71929	145.0974	-7.903023	3.211926	2.702644	0.2255982	5.270407E-09	3.695329	10.40755	0.0003733334	0.002697761	17.46775	0.007278254	8.568867E-06	0.004860326	0.007196396	0.02604068	1.239369	0.001428887	0.1797056	0.006012925	0.2263702	0.001171906	0.001063493	0.02271261	0.02979357	0.0003113191	0.3646042						
CKbyEmotion	20191217	S074-disgust	0	MALE	FaceRecording-1	TestImage	AffRaw	20191217_173256849	400			4	1	640	490	8	0	34	12.68775	5.208248E-05	0.6223912	0.04682314	0.006150251	-0.6760406	97.25342	143.803	-6.774123	4.165187	2.978745	0.280917	8.383989E-09	6.033639	12.90152	0.0004026437	0.003837185	16.28866	0.01291886	1.392823E-05	0.0035109	0.009681028	0.03684331	1.652683	0.00107306	0.137012	0.006888035	0.2441825	0.001116504	0.0009179813	0.01777389	0.05045252	0.0004128767	0.3382108						
CKbyEmotion	20191217	S074-disgust	0	MALE	FaceRecording-1	TestImage	AffRaw	20191217_173256889	440			4	1	640	490	9	0	34	25.38804	2.645347E-05	1.831997	0.05907093	0.006022485	-19.05453	97.59299	144.3153	-7.865866	3.487886	2.997332	0.3040893	2.886014E-08	17.49373	25.8374	0.000373572	0.003828639	18.87412	0.02106172	2.11074E-05	0.003912946	0.03044217	0.08776318	7.761198	0.0004897878	0.06833924	0.01049856	0.309637	0.001379721	0.0007370483	0.009459747	0.09613077	0.00048845	0.3746778						
CKbyEmotion	20191217	S074-disgust	0	MALE	FaceRecording-1	TestImage	AffRaw	20191217_173256929	480			4	1	640	490	10	0	34	43.91127	1.145794E-05	7.446864	0.06340448	0.005614892	-54.27869	97.82985	143.0775	-7.228701	2.957855	2.950677	0.3573218	1.698472E-07	43.84356	49.75974	0.0003505391	0.003623466	20.80886	0.03160799	3.705942E-05	0.002979686	0.1522184	0.3305088	71.49664	0.000150906	0.02366321	0.0194511	0.4376671	0.001637563	0.0006177535	0.009926001	0.1921781	0.0006205955	0.4220659						
CKbyEmotion	20191217	S074-disgust	0	MALE	FaceRecording-1	TestImage	AffRaw	20191217_173256969	520			4	1	640	490	11	0	34	60.84148	6.875595E-06	39.41805	0.05796043	0.005345757	-85.11478	97.70186	144.1203	-7.834155	3.25092	3.280048	0.3764555	5.091518E-07	68.29859	68.91356	0.000332565	0.003249399	25.68458	0.0435901	5.493614E-05	0.003128516	0.7363999	0.9946716	98.24136	5.444031E-05	0.009688574	0.03417911	0.6002151	0.001846857	0.0005671224	0.008146043	0.3867811	0.0007483325	0.4440984						
CKbyEmotion	20191217	S074-disgust	0	MALE	FaceRecording-1	TestImage	AffRaw	20191217_173257009	560			4	1	640	490	12	0	34	73.92324	5.085493E-06	79.11825	0.04802721	0.005796179	-99.99229	98.17493	144.9896	-6.628124	2.07433	2.684	0.4107518	6.699137E-07	85.30607	85.43293	0.0003083313	0.002580286	33.34287	0.05039763	7.79524E-05	0.002687677	2.807241	2.038023	99.83988	2.658001E-05	0.005361998	0.05278375	0.765763	0.002335813	0.0004558487	0.006894922	0.6928066	0.0008695621	0.5001712						
CKbyEmotion	20191217	S074-disgust	0	MALE	FaceRecording-1	TestImage	AffRaw	20191217_173257049	600			4	1	640	490	13	0	34	80.92174	3.361986E-06	92.39135	0.0339328	0.006421634	-99.99128	97.12128	145.5967	-6.925317	4.406918	3.065579	0.4654125	6.346391E-07	92.32487	91.9088	0.0003013756	0.002117545	42.62958	0.07591532	9.560325E-05	0.002713881	6.897819	2.523581	99.95157	1.990612E-05	0.004458901	0.06645315	0.8721636	0.00296724	0.0003004421	0.004475886	1.723931	0.000911358	0.6116543						
CKbyEmotion	20191217	S074-disgust	0	MALE	FaceRecording-1	TestImage	AffRaw	20191217_173257089	640			4	1	640	490	14	0	34	84.71287	3.126551E-06	97.33709	0.0285708	0.008180138	-99.98877	98.19403	146.5758	-6.240931	2.020765	1.858825	0.5164516	1.019696E-05	94.58944	94.64362	0.0002533186	0.0009633845	55.79323	0.09187274	0.000127029	0.002723271	15.25601	2.177099	99.97787	1.973724E-05	0.004955247	0.07508321	0.9356964	0.004045283	0.0001553468	0.003044185	4.431098	0.0009770195	0.7576467						
CKbyEmotion	20191217	S074-disgust	0	MALE	FaceRecording-1	TestImage	AffRaw	20191217_173257129	680			4	1	640	490	15	0	34	86.62698	3.048799E-06	98.85689	0.02231652	0.01066999	-99.98522	97.83819	146.8009	-7.698885	2.938163	2.470531	0.5621084	5.574907E-05	97.66309	97.85973	0.0002261312	0.0008137876	64.77577	0.1484959	0.0001650162	0.003057405	27.8687	1.873833	99.99123	2.051071E-05	0.005544852	0.07983363	0.9693809	0.005543874	0.0001120342	0.002078125	10.56749	0.001127874	0.8480695						
CKbyEmotion	20191217	S074-disgust	0	MALE	FaceRecording-1	TestImage	AffRaw	20191217_173257169	720			4	1	640	490	16	0	34	87.90287	2.686838E-06	99.36739	0.01492458	0.01266862	-99.98222	96.72294	144.9401	-8.651939	5.075487	2.94018	0.5762787	0.0001459961	98.00788	98.41975	0.0002252728	0.0005974873	72.78621	0.2150991	0.0002416135	0.002808185	55.23594	1.584475	99.99548	2.183264E-05	0.006282698	0.08318274	0.9924787	0.007088307	6.903479E-05	0.001606075	26.33902	0.00132262	0.8956237						
CKbyEmotion	20191217	S074-disgust	0	MALE	FaceRecording-1	TestImage	AffRaw	20191217_173257209	760			4	1	640	490	17	0	34	89.5233	2.737569E-06	99.53171	0.01207961	0.01543314	-99.97814	95.63676	145.4756	-10.86588	6.56329	3.529441	0.7250137	0.0003121989	98.31129	98.81913	0.0002450673	0.0005082177	76.71677	0.3415183	0.0003194745	0.002731308	83.71152	1.584773	99.99777	2.10997E-05	0.006318544	0.08775176	1.022581	0.009053739	6.077728E-05	0.001151686	49.67974	0.001651026	0.9796727						
