#Study : CKbyEmotion
#Date : 20191217 20:50:02
#Version : 7.2.15327.0
#TestRunDate : 20191217 17:32:56.272 (+02:00)

StudyName	ExportDate	Name	Age	Gender	StimulusName	SlideType	EventSource	Timestamp	MediaTime	PostMarker	Annotation	version	Number of faces	width	height	FrameIndex	faceid	#classifiers	Brow Furrow	Brow Raise	Engagement	Lip Corner Depressor	Smile	Valence	Attention	Interocular Distance	Pitch	Yaw	Roll	InnerBrowRaise	EyeClosure	NoseWrinkle	UpperLipRaise	LipSuck	LipPress	MouthOpen	ChinRaise	Smirk	LipPucker	Anger	Sadness	Disgust	Joy	Surprise	Fear	Contempt	Cheek Raise	Dimpler	Eye Widen	Lid Tighten	Lip Stretch	Jaw Drop	LiveMarker	KeyStroke	MarkerText	SceneType	SceneOutput	SceneParent
CKbyEmotion	20191217	S070-disgust	0	MALE	FaceRecording-1	TestImage	AffRaw	20191217_173256352	80			4	1	640	490	0	0	34	0.01482427	0.08322511	5.284824	0.0003523141	0.003099254	-1.609352	98.48252	136.3277	-2.527898	1.135865	3.142398	47.26384	3.985191E-10	0.0001041963	0.000425571	0.0006068587	0.01658374	59.51228	0.05732534	0.02104691	0.140666	0.001995827	0.05969612	1.246048	0.005379714	2.347227	0.0211076	0.1931127	1.995151E-05	0.005616852	7.663662	0.01237209	0.0008743827	0.4412206						
CKbyEmotion	20191217	S070-disgust	0	MALE	FaceRecording-1	TestImage	AffRaw	20191217_173256392	120			4	1	640	490	1	0	34	0.005025513	0.04059368	9.380415	0.0003436152	0.05583607	0	98.54093	145.3038	-4.035707	0.93663	3.133716	32.0163	8.899128E-09	4.067689E-05	0.0001391317	0.002240732	0.02360249	68.20675	0.04957448	0.01651045	0.4386227	0.005022513	0.003499264	1.451257	0.006368559	3.358869	1.573335	0.1922241	0.0002278811	0.02149238	53.49253	0.007571362	0.001084916	0.4225841						
CKbyEmotion	20191217	S070-disgust	0	MALE	FaceRecording-1	TestImage	AffRaw	20191217_173256432	160			4	1	640	490	2	0	34	0.003911633	0.00781266	2.429263	0.000311252	0.08024093	0	98.57971	150.6701	-5.230055	0.7999763	2.752751	8.518225	0.7745222	3.377885E-05	8.807665E-05	0.003898431	0.03882973	48.29033	0.03752967	0.007193124	0.5001578	0.008079342	0.0015436	1.013533	0.004456728	1.269895	0.8275804	0.1916799	0.0002891165	0.05423488	50.93124	0.00544718	0.001506024	0.4726767						
CKbyEmotion	20191217	S070-disgust	0	MALE	FaceRecording-1	TestImage	AffRaw	20191217_173256472	200			4	1	640	490	3	0	34	0.005197794	0.003958657	0.9370504	0.0002865445	0.1339435	0	98.68651	152.9385	-4.845186	-0.403682	3.105795	5.207839	99.9985	0.0001022098	0.000207187	0.004010639	0.05689649	34.74397	0.03587047	0.004488956	1.385716	0.005013761	0.007908373	0.7919772	0.003514708	0.5594282	0.01156119	0.1908607	0.0008923453	0.1468507	8.730053	0.004387686	0.001172687	0.4828551						
CKbyEmotion	20191217	S070-disgust	0	MALE	FaceRecording-1	TestImage	AffRaw	20191217_173256512	240			4	1	640	490	4	0	34	0.003727639	0.002124054	0.4868346	0.0002484505	0.1733522	0	98.47699	152.3753	-4.748645	1.15434	3.719239	4.354369	99.99803	8.896754E-05	0.000179909	0.004333267	0.05479311	25.51458	0.02630203	0.004398044	1.649349	0.003809795	0.01031761	0.6706543	0.002991454	0.4348115	0.01077636	0.1902914	0.001112611	0.1314129	8.193993	0.006591039	0.0009334382	0.478522						
CKbyEmotion	20191217	S070-disgust	0	MALE	FaceRecording-1	TestImage	AffRaw	20191217_173256552	280			4	1	640	490	5	0	34	0.00189258	0.003277992	0.5339742	0.0004693237	0.1566207	0	98.58102	149.5046	-4.915236	0.7952794	3.611618	5.920978	97.71427	6.216791E-05	0.0001635471	0.004253666	0.05747725	26.81559	0.02856816	0.004930375	2.402697	0.003731068	0.009550258	0.6903606	0.003054933	0.4823151	0.01686076	0.1905341	0.0009530538	0.148454	12.37227	0.009162356	0.001005929	0.3962436						
CKbyEmotion	20191217	S070-disgust	0	MALE	FaceRecording-1	TestImage	AffRaw	20191217_173256592	320			4	1	640	490	6	0	34	0.001065208	0.003952912	0.824996	0.0006409508	0.1486116	0	98.52808	145.1611	-4.155953	0.9811032	3.021133	7.459351	0.00351384	3.194454E-05	0.000104028	0.002680855	0.05756277	32.94637	0.02978542	0.004646068	1.576493	0.004295056	0.009065411	0.7674749	0.003410792	0.5711626	0.01491663	0.1906397	0.0009219706	0.07238855	10.89597	0.01090814	0.0009360358	0.4268407						
CKbyEmotion	20191217	S070-disgust	0	MALE	FaceRecording-1	TestImage	AffRaw	20191217_173256632	360			4	1	640	490	7	0	34	0.0008084672	0.008859788	1.622038	0.00101542	0.179631	0	98.36646	143.8063	-4.346876	1.510262	3.187871	11.25485	7.558476E-08	1.912643E-05	7.480374E-05	0.002172684	0.05755394	42.51928	0.0339174	0.005534321	1.409576	0.005033282	0.009596249	0.9088983	0.004079288	0.7532591	0.01088064	0.1902145	0.001017692	0.05357622	7.140955	0.01135705	0.0009213887	0.4581						
CKbyEmotion	20191217	S070-disgust	0	MALE	FaceRecording-1	TestImage	AffRaw	20191217_173256672	400			4	1	640	490	8	0	34	0.0008908429	0.01210664	2.760684	0.001383345	0.2700481	0	98.31912	142.4856	-4.85223	1.655482	3.24136	17.64208	6.72468E-10	2.922435E-05	0.0001134182	0.001965584	0.04774482	50.12413	0.04404265	0.007009623	0.8590297	0.004939466	0.0113009	1.035397	0.004753446	1.033007	0.01213733	0.1889612	0.001553299	0.03355459	7.226941	0.01182843	0.0008898758	0.4460905						
CKbyEmotion	20191217	S070-disgust	0	MALE	FaceRecording-1	TestImage	AffRaw	20191217_173256712	440			4	1	640	490	9	0	34	0.0008818408	0.01382673	3.816146	0.002401206	0.3788847	0	98.47433	142.4433	-3.993204	1.163163	3.018466	24.9357	2.717861E-10	3.931471E-05	0.0001695934	0.00194272	0.03905741	54.80788	0.06092277	0.008519926	0.8603265	0.004229696	0.01598933	1.1182	0.005268668	1.330223	0.01265584	0.187458	0.002199593	0.02819921	6.503993	0.01167683	0.0008649743	0.4489536						
CKbyEmotion	20191217	S070-disgust	0	MALE	FaceRecording-1	TestImage	AffRaw	20191217_173256752	480			4	1	640	490	10	0	34	0.0008903893	0.01517806	3.499981	0.003527603	0.3754452	0	98.40897	141.4017	-3.844305	1.376239	2.953317	29.89287	1.273746E-10	3.010405E-05	0.0001585407	0.001754082	0.0291342	53.54982	0.07605134	0.008894786	0.578378	0.003299652	0.02355642	1.09307	0.0051464	1.416409	0.01314621	0.1875137	0.002670564	0.02057848	6.061605	0.01179887	0.0008486351	0.4647723						
CKbyEmotion	20191217	S070-disgust	0	MALE	FaceRecording-1	TestImage	AffRaw	20191217_173256792	520			4	1	640	490	11	0	34	0.0009785367	0.01588047	3.550961	0.006708009	0.5197123	0	98.33082	140.1886	-3.483887	1.619993	3.057541	34.58008	8.410873E-11	6.889989E-05	0.0003818042	0.001830246	0.0264751	53.75896	0.100959	0.009798896	0.5979409	0.002706958	0.03254545	1.086979	0.005289258	1.549659	0.01295939	0.1855176	0.004039308	0.01805232	5.241815	0.01142593	0.000807173	0.4876688						
CKbyEmotion	20191217	S070-disgust	0	MALE	FaceRecording-1	TestImage	AffRaw	20191217_173256832	560			4	1	640	490	12	0	34	0.001311522	0.02051037	3.540663	0.01273267	0.683478	0	98.42307	139.63	-3.692291	1.331042	3.377305	36.04793	4.937053E-11	0.0003659955	0.001597753	0.002029268	0.03210081	53.71218	0.1329889	0.01095991	0.4868937	0.002514295	0.03496384	1.074687	0.005427347	1.601873	0.01380449	0.1832808	0.006182428	0.01366312	5.744637	0.01200821	0.000792187	0.4997516						
CKbyEmotion	20191217	S070-disgust	0	MALE	FaceRecording-1	TestImage	AffRaw	20191217_173256872	600			4	1	640	490	13	0	34	0.002027409	0.01751884	1.884678	0.02555285	0.8341662	0	98.60894	139.2969	-1.273222	0.6945391	3.263535	27.97873	4.489205E-11	0.004982413	0.01364867	0.002027053	0.03914544	44.64907	0.2146914	0.01150082	0.5424798	0.002576074	0.02790726	0.9047947	0.004717986	1.087456	0.01121791	0.1812376	0.01015958	0.01455396	5.14287	0.01167884	0.0008326086	0.5810586						
CKbyEmotion	20191217	S070-disgust	0	MALE	FaceRecording-1	TestImage	AffRaw	20191217_173256912	640			4	1	640	490	14	0	34	0.003028467	0.01547156	0.8203599	0.05244116	1.075955	0	98.61747	138.9816	1.11107	0.6633408	3.56117	20.71281	5.355972E-11	0.0645637	0.1039532	0.001771563	0.05696559	32.80621	0.3292879	0.01419734	0.4123649	0.002312631	0.02676933	0.7259313	0.003957578	0.6903694	0.0080478	0.1780407	0.01608382	0.01175405	3.234712	0.01276855	0.0007452856	0.6939253						
CKbyEmotion	20191217	S070-disgust	0	MALE	FaceRecording-1	TestImage	AffRaw	20191217_173256952	680			4	1	640	490	15	0	34	0.004328311	0.01288201	0.7880602	0.09548777	1.399722	0	98.75259	138.5235	1.882853	-0.1422773	3.691883	21.90648	2.390592E-11	0.5258322	0.6357067	0.001283872	0.1115961	31.77802	0.5883383	0.01853205	0.3675155	0.002081457	0.02944884	0.7429913	0.004095613	0.691035	0.007910779	0.173861	0.02527064	0.008045773	3.150032	0.01321962	0.0007065895	0.8867381						
