#Study : CKbyEmotion
#Date : 20191217 20:50:02
#Version : 7.2.15327.0
#TestRunDate : 20191217 17:32:56.030 (+02:00)

StudyName	ExportDate	Name	Age	Gender	StimulusName	SlideType	EventSource	Timestamp	MediaTime	PostMarker	Annotation	version	Number of faces	width	height	FrameIndex	faceid	#classifiers	Brow Furrow	Brow Raise	Engagement	Lip Corner Depressor	Smile	Valence	Attention	Interocular Distance	Pitch	Yaw	Roll	InnerBrowRaise	EyeClosure	NoseWrinkle	UpperLipRaise	LipSuck	LipPress	MouthOpen	ChinRaise	Smirk	LipPucker	Anger	Sadness	Disgust	Joy	Surprise	Fear	Contempt	Cheek Raise	Dimpler	Eye Widen	Lid Tighten	Lip Stretch	Jaw Drop	LiveMarker	KeyStroke	MarkerText	SceneType	SceneOutput	SceneParent
CKbyEmotion	20191217	S065-disgust	0	MALE	FaceRecording-1	TestImage	AffRaw	20191217_173256110	80			4	1	640	490	0	0	34	0.3103302	5.303269E-06	0.08304897	0.0009240198	0.02947368	0	96.0789	129.9972	-3.19017	6.006021	5.76065	0.00500062	1.638288E-10	0.004704924	0.001116904	0.05537643	0.02046999	0.3923677	0.005669153	0.0005841511	0.001031244	0.002047142	0.02420751	0.42713	0.001813866	0.1911525	0.004572892	0.1933806	0.001091877	0.001747247	0.0003153092	0.002133388	0.002588503	0.03830924						
CKbyEmotion	20191217	S065-disgust	0	MALE	FaceRecording-1	TestImage	AffRaw	20191217_173256150	120			4	1	640	490	1	0	34	0.7769744	1.231133E-06	0.08576869	0.004412868	0.02194669	0	96.51388	127.6143	-6.469774	5.395513	5.903914	0.01213026	2.497424E-10	0.003656202	0.0004963881	0.04481795	0.01694715	0.3772357	0.04404438	0.0005685003	0.0008090241	0.002128434	0.02511329	0.4274239	0.001756654	0.1858376	0.004648185	0.1951863	0.0006668233	0.001711369	0.002071196	0.009220318	0.001875926	0.03661434						
CKbyEmotion	20191217	S065-disgust	0	MALE	FaceRecording-1	TestImage	AffRaw	20191217_173256190	160			4	1	640	490	2	0	34	5.445339	6.592874E-07	0.1195092	0.003979642	0.0263402	0	96.66309	126.595	-7.11828	5.169083	5.079795	0.01596697	8.578829E-10	0.01117901	0.00086558	0.0739104	0.0129614	0.3579496	0.051621	0.001106871	0.0005857985	0.003139958	0.03564138	0.4270483	0.00129462	0.1405143	0.005426836	0.2129454	0.0012468	0.002757674	0.004728742	0.02718709	0.001929778	0.05974032						
CKbyEmotion	20191217	S065-disgust	0	MALE	FaceRecording-1	TestImage	AffRaw	20191217_173256230	200			4	1	640	490	3	0	34	36.11319	2.818381E-07	1.05895	0.00314474	0.01709107	0	96.62161	126.8002	-6.587938	5.23298	5.000901	0.0340913	9.968598E-10	0.03430484	0.001604272	0.07797944	0.01033136	0.3653553	0.06583708	0.000706706	0.0005650703	0.04080048	0.3549617	0.4314881	0.000173687	0.02236593	0.01507759	0.3780602	0.00138684	0.001768528	0.002314138	0.2091743	0.001485214	0.08950578						
CKbyEmotion	20191217	S065-disgust	0	MALE	FaceRecording-1	TestImage	AffRaw	20191217_173256270	240			4	1	640	490	4	0	34	71.4697	3.747661E-07	11.86586	0.003486693	0.01360618	-10.02342	96.56966	126.9777	-6.554623	5.311982	4.997353	0.04665762	3.900626E-10	0.06425958	0.002500512	0.1073265	0.009877695	0.4575799	0.09576548	0.0007381199	0.000586786	0.7985072	4.796457	0.457439	1.718642E-05	0.002688754	0.04899403	0.7312107	0.00146452	0.001723927	0.003525726	0.8591881	0.001217886	0.09766714						
CKbyEmotion	20191217	S065-disgust	0	MALE	FaceRecording-1	TestImage	AffRaw	20191217_173256310	280			4	1	640	490	5	0	34	87.23544	4.432295E-07	29.3687	0.004472157	0.01132003	-15.51977	96.91452	126.0924	-6.370736	4.764395	4.860231	0.09951542	4.02923E-10	0.1067142	0.00344093	0.1409078	0.009721724	0.4789382	0.1375422	0.0005934991	0.0005622353	3.051522	14.14468	0.6001533	6.123872E-06	0.001046188	0.08287955	0.9803914	0.001476947	0.001844231	0.004990387	1.8822	0.00136006	0.1175617						
CKbyEmotion	20191217	S065-disgust	0	MALE	FaceRecording-1	TestImage	AffRaw	20191217_173256350	320			4	1	640	490	6	0	34	92.13904	4.575626E-07	37.07167	0.004433109	0.008629845	-17.24912	96.9781	124.8038	-6.679877	4.656999	4.847279	0.1516078	1.120885E-09	0.1218294	0.003679122	0.1713089	0.006412387	0.4529528	0.1467429	0.0004871518	0.0005084843	5.174832	19.28711	0.9041864	4.438507E-06	0.0007802855	0.09758189	1.073993	0.001305128	0.002189242	0.00414486	4.772913	0.001417047	0.1465872						
CKbyEmotion	20191217	S065-disgust	0	MALE	FaceRecording-1	TestImage	AffRaw	20191217_173256390	360			4	1	640	490	7	0	34	94.94516	3.697795E-07	48.57912	0.005943919	0.008218355	-18.35336	96.83025	126.4355	-5.264598	4.903459	5.2168	0.2068546	1.501344E-09	0.2310263	0.00445144	0.2631091	0.005576637	0.4962236	0.2158224	0.0004776258	0.0005724546	7.139988	22.78964	2.156963	3.696414E-06	0.000662093	0.1069016	1.131391	0.001268873	0.003067972	0.004643426	6.969608	0.001448213	0.242603						
