#Study : CKbyEmotion
#Date : 20191217 20:50:02
#Version : 7.2.15327.0
#TestRunDate : 20191217 17:32:55.835 (+02:00)

StudyName	ExportDate	Name	Age	Gender	StimulusName	SlideType	EventSource	Timestamp	MediaTime	PostMarker	Annotation	version	Number of faces	width	height	FrameIndex	faceid	#classifiers	Brow Furrow	Brow Raise	Engagement	Lip Corner Depressor	Smile	Valence	Attention	Interocular Distance	Pitch	Yaw	Roll	InnerBrowRaise	EyeClosure	NoseWrinkle	UpperLipRaise	LipSuck	LipPress	MouthOpen	ChinRaise	Smirk	LipPucker	Anger	Sadness	Disgust	Joy	Surprise	Fear	Contempt	Cheek Raise	Dimpler	Eye Widen	Lid Tighten	Lip Stretch	Jaw Drop	LiveMarker	KeyStroke	MarkerText	SceneType	SceneOutput	SceneParent
CKbyEmotion	20191217	S060-disgust	0	MALE	FaceRecording-1	TestImage	AffRaw	20191217_173255915	80			4	1	640	490	0	0	34	0.0007312694	0.0003889891	0.08394703	0.001277097	0.004516551	0	97.54936	152.0862	-10.1059	-3.579942	0.7919434	0.02524497	3.195016E-10	2.522924E-06	8.298738E-07	0.0002499241	0.005572623	0.8526729	0.001080941	0.00238572	0.007987132	0.002027498	0.02284509	0.4324138	0.001858924	0.1985641	0.004862431	0.1926597	1.07578E-05	0.004768656	0.7070287	0.002424348	0.001062996	0.06532827						
CKbyEmotion	20191217	S060-disgust	0	MALE	FaceRecording-1	TestImage	AffRaw	20191217_173255955	120			4	1	640	490	1	0	34	0.001762621	0.0002592084	0.08545894	0.002813283	0.05428916	0	98.19537	149.8617	-9.721872	-2.017012	1.549346	0.04393753	4.288406E-10	0.0001845128	7.928989E-05	0.0003971828	0.005341538	1.101752	0.0008477494	0.001485875	0.03330355	0.002036192	0.02307108	0.4329775	0.001882512	0.1990431	0.00454969	0.1919286	0.0003062185	0.004557711	0.1040195	0.002034385	0.0009616065	0.1608992						
CKbyEmotion	20191217	S060-disgust	0	MALE	FaceRecording-1	TestImage	AffRaw	20191217_173255995	160			4	1	640	490	2	0	34	0.002374341	0.000183119	0.08605549	0.003289344	0.1208832	0	98.0852	150.2834	-10.57984	-2.318904	1.692631	0.04689752	8.999594E-10	0.000373762	0.0002449014	0.0003726337	0.005276738	1.198613	0.0005703685	0.001108373	0.03179911	0.002033588	0.02287362	0.4319144	0.001906421	0.1994736	0.004550797	0.1909688	0.0008282007	0.004219692	0.1396507	0.002013321	0.001108846	0.1293404						
CKbyEmotion	20191217	S060-disgust	0	MALE	FaceRecording-1	TestImage	AffRaw	20191217_173256035	200			4	1	640	490	3	0	34	0.002522258	0.0002684433	0.08611012	0.002292386	0.1064306	0	98.36626	150.0808	-9.154842	-1.510873	1.873148	0.03105232	4.519604E-10	0.0007455174	0.000536004	0.0004469619	0.004915398	1.207361	0.0009746725	0.001312664	0.04376752	0.00203749	0.02289075	0.4324123	0.001902197	0.1995583	0.004531841	0.1911802	0.001259328	0.004311948	0.1053241	0.001890592	0.0008301063	0.1729237						
CKbyEmotion	20191217	S060-disgust	0	MALE	FaceRecording-1	TestImage	AffRaw	20191217_173256075	240			4	1	640	490	4	0	34	0.003357751	0.0002770222	0.08668531	0.001943298	0.1380058	0	98.25759	150.3302	-11.81586	-1.838387	1.791947	0.02894334	1.751215E-10	0.001177527	0.001055359	0.0004170477	0.004535291	1.299809	0.001146256	0.001479762	0.0242453	0.002039817	0.02275707	0.4322959	0.001915162	0.1999056	0.004535282	0.1907352	0.001898113	0.004078957	0.1230652	0.002053652	0.0008493565	0.1401909						
CKbyEmotion	20191217	S060-disgust	0	MALE	FaceRecording-1	TestImage	AffRaw	20191217_173256115	280			4	1	640	490	5	0	34	0.003170613	0.0002126293	0.08470321	0.001854901	0.124005	0	98.22974	149.2012	-10.25873	-1.919073	1.811284	0.02838969	2.719199E-10	0.001121033	0.0009824191	0.0005126835	0.004544348	0.9758842	0.001146975	0.00132141	0.03671999	0.002019829	0.02303334	0.4301832	0.001899587	0.1983954	0.004529452	0.1909313	0.001712078	0.004089279	0.1113139	0.002157368	0.0008847377	0.1712032						
CKbyEmotion	20191217	S060-disgust	0	MALE	FaceRecording-1	TestImage	AffRaw	20191217_173256155	320			4	1	640	490	6	0	34	0.003308484	0.0001749548	0.08692261	0.002320126	0.1167607	0	98.28474	150.9592	-10.56992	-1.758458	2.024341	0.03406394	2.836253E-10	0.001031983	0.0009866611	0.0003299833	0.00440061	1.338166	0.001074807	0.001389859	0.0302432	0.00204492	0.02276477	0.4332259	0.001909859	0.2000883	0.004545583	0.1910368	0.001960296	0.003746567	0.1276337	0.002372815	0.0008062136	0.1307064						
CKbyEmotion	20191217	S060-disgust	0	MALE	FaceRecording-1	TestImage	AffRaw	20191217_173256195	360			4	1	640	490	7	0	34	0.003933868	0.0001826368	0.09755833	0.003723898	0.1234067	0	98.39658	151.3204	-10.41231	-1.415632	2.031633	0.03639559	2.786073E-10	0.003657973	0.004024543	0.0002561834	0.004330727	2.955081	0.001142266	0.001381861	0.02938442	0.002157124	0.02157245	0.4460678	0.001968898	0.2082192	0.004543013	0.1909438	0.002126034	0.003238108	0.1188936	0.002557905	0.000708837	0.1091579						
CKbyEmotion	20191217	S060-disgust	0	MALE	FaceRecording-1	TestImage	AffRaw	20191217_173256235	400			4	1	640	490	8	0	34	0.004497305	0.0002276182	0.1137509	0.007588471	0.1068776	0	98.36192	152.5719	-8.250755	-1.52437	1.866656	0.04500573	4.638217E-10	0.003099863	0.004087895	0.0002307791	0.004784106	5.106633	0.001060472	0.001499547	0.02412963	0.002319429	0.02008383	0.4642853	0.002041835	0.2197248	0.004574327	0.1911847	0.001891477	0.002967113	0.1670528	0.003377118	0.0007935776	0.08358832						
CKbyEmotion	20191217	S060-disgust	0	MALE	FaceRecording-1	TestImage	AffRaw	20191217_173256275	440			4	1	640	490	9	0	34	0.009235876	0.0005266343	0.1350985	0.01354761	0.1166387	0	98.55773	152.1582	-7.281775	-0.8778782	2.609756	0.04756954	3.064191E-09	0.01038743	0.01312396	0.0002025721	0.007064109	7.511642	0.001011136	0.001526774	0.02117894	0.002512288	0.0185281	0.4852951	0.002135825	0.2332531	0.004579219	0.1910625	0.002608001	0.002267882	0.1806899	0.005111819	0.0007766671	0.07563316						
CKbyEmotion	20191217	S060-disgust	0	MALE	FaceRecording-1	TestImage	AffRaw	20191217_173256315	480			4	1	640	490	10	0	34	0.02486292	0.0006223973	0.1997238	0.01972328	0.0970706	0	98.34058	153.3377	-8.058352	-1.590153	2.117126	0.0469524	3.699389E-07	0.03081509	0.030677	0.000186731	0.008211854	12.97331	0.001136462	0.001508424	0.01653317	0.003022359	0.01548577	0.537945	0.002348851	0.2669899	0.004586916	0.1913982	0.003035172	0.001522332	0.1780005	0.008441503	0.0006851886	0.06837402						
CKbyEmotion	20191217	S060-disgust	0	MALE	FaceRecording-1	TestImage	AffRaw	20191217_173256355	520			4	1	640	490	11	0	34	0.08280294	0.0002539066	0.5239326	0.03457931	0.06381427	0	98.23399	155.6203	-7.173634	-1.906847	1.86661	0.0473647	2.525722E-05	0.05287107	0.03367044	0.0001777608	0.01100489	26.46886	0.001452743	0.001140211	0.01654474	0.004774089	0.00993585	0.6899442	0.002974485	0.3725423	0.004617171	0.1920759	0.002274473	0.001116334	0.2050054	0.014082	0.0006257344	0.06971386						
CKbyEmotion	20191217	S060-disgust	0	MALE	FaceRecording-1	TestImage	AffRaw	20191217_173256395	560			4	1	640	490	12	0	34	0.282026	8.676698E-05	1.807699	0.05284686	0.03640262	0	98.25966	155.6466	-6.082788	-1.832328	1.779603	0.04319993	0.0005521569	0.1102888	0.04390933	0.000164469	0.009825706	43.78975	0.00190119	0.0009328048	0.0172962	0.008667064	0.005668947	0.9505277	0.004004688	0.5666035	0.004665544	0.1931851	0.001420921	0.000713721	0.2289553	0.02191274	0.0005647007	0.07183012						
CKbyEmotion	20191217	S060-disgust	0	MALE	FaceRecording-1	TestImage	AffRaw	20191217_173256435	600			4	1	640	490	13	0	34	0.6826146	3.581342E-05	10.08647	0.08234619	0.02331281	0	98.20525	156.0684	-6.531673	-1.989016	0.9265041	0.04037007	0.004375865	0.2363222	0.06207548	0.0001411544	0.009471915	68.69023	0.002798889	0.0007077194	0.02100609	0.020591	0.002552797	1.50778	0.00612158	1.026102	0.004717684	0.1948248	0.001017462	0.0004269511	0.2079872	0.04294284	0.0005198768	0.08612601						
CKbyEmotion	20191217	S060-disgust	0	MALE	FaceRecording-1	TestImage	AffRaw	20191217_173256475	640			4	1	640	490	14	0	34	1.742617	1.808226E-05	30.02963	0.1278245	0.01584519	0	98.43217	156.1209	-6.16097	-1.301617	1.082554	0.03500352	0.01145806	0.3726252	0.05672049	0.000109054	0.006019942	86.41496	0.004413011	0.0005563314	0.02430458	0.04072067	0.00152718	2.097153	0.007873218	1.494494	0.004939668	0.1988359	0.0007095824	0.000198526	0.3216256	0.08698352	0.0004478579	0.09705316						
CKbyEmotion	20191217	S060-disgust	0	MALE	FaceRecording-1	TestImage	AffRaw	20191217_173256515	680			4	1	640	490	15	0	34	3.980021	1.038745E-05	47.54021	0.1973093	0.01083403	0	98.42686	156.0004	-5.33143	-1.318799	1.292392	0.03512678	0.02350782	0.6477901	0.05216428	0.0001054741	0.003862002	94.64138	0.00811811	0.0004213743	0.03010153	0.06480928	0.00137329	2.48955	0.007891371	1.604871	0.005345135	0.207412	0.0004932358	0.0001296893	0.3793291	0.1661935	0.000435367	0.1161198						
CKbyEmotion	20191217	S060-disgust	0	MALE	FaceRecording-1	TestImage	AffRaw	20191217_173256555	720			4	1	640	490	16	0	34	7.517843	6.144393E-06	59.14269	0.2565238	0.007885668	0	98.55017	155.7702	-6.176538	-0.9044142	1.269642	0.04022317	0.02799688	0.3716218	0.01908938	9.581129E-05	0.002887352	97.66029	0.01192545	0.0003319716	0.03795895	0.09703388	0.001617243	2.562515	0.006610261	1.404474	0.006065082	0.2216523	0.000381834	6.718897E-05	0.4760113	0.336207	0.0003943596	0.1317494						
CKbyEmotion	20191217	S060-disgust	0	MALE	FaceRecording-1	TestImage	AffRaw	20191217_173256595	760			4	1	640	490	17	0	34	11.38116	4.77105E-06	67.797	0.3691211	0.006538185	0	98.49541	156.291	-4.325213	-1.092566	1.812429	0.03618483	0.1335125	0.2148046	0.009469296	8.967874E-05	0.002297502	99.04124	0.01715414	0.0002586196	0.0411508	0.1424356	0.002065915	2.59404	0.005262743	1.156958	0.006910951	0.2382865	0.0003052147	4.720424E-05	0.5212643	0.657223	0.000378526	0.158167						
CKbyEmotion	20191217	S060-disgust	0	MALE	FaceRecording-1	TestImage	AffRaw	20191217_173256635	800			4	1	640	490	18	0	34	17.14313	3.728555E-06	76.85101	0.5211414	0.005467143	0	98.55682	156.0571	-5.241538	-0.8811214	1.065835	0.03260893	0.2862804	0.1793907	0.008041938	7.815909E-05	0.00236081	99.65571	0.02721985	0.0002064081	0.04481671	0.2428683	0.003124816	2.620099	0.003649239	0.8350344	0.008381289	0.2654199	0.0002465636	2.386071E-05	0.5658287	1.332616	0.0003438096	0.1908678						
CKbyEmotion	20191217	S060-disgust	0	MALE	FaceRecording-1	TestImage	AffRaw	20191217_173256675	840			4	1	640	490	19	0	34	23.72521	3.184394E-06	84.32208	0.6556353	0.004858329	0	98.48773	155.9685	-5.02863	-1.118394	0.526574	0.0277513	0.1443624	0.2017583	0.009647171	8.383599E-05	0.002365116	99.82825	0.0433152	0.0001643028	0.0521636	0.4496363	0.005102517	2.640649	0.002379146	0.5671121	0.01041655	0.3001913	0.0002137097	1.657281E-05	0.5839837	2.602473	0.000334133	0.236504						
CKbyEmotion	20191217	S060-disgust	0	MALE	FaceRecording-1	TestImage	AffRaw	20191217_173256715	880			4	1	640	490	20	0	34	30.81258	2.625984E-06	89.96018	0.7767965	0.004033823	0	98.51554	156.6653	-4.938426	-1.024186	1.119323	0.02368788	0.2380236	0.2635687	0.01500217	8.580741E-05	0.002737704	99.88673	0.06382032	0.0001262544	0.06488891	0.9106362	0.008636283	2.66245	0.001497473	0.3729985	0.01338553	0.3427287	0.0001878219	9.096739E-06	0.7680619	4.953653	0.000303799	0.2908933						
