#Study : CKbyEmotion
#Date : 20191217 20:50:02
#Version : 7.2.15327.0
#TestRunDate : 20191217 17:32:55.723 (+02:00)

StudyName	ExportDate	Name	Age	Gender	StimulusName	SlideType	EventSource	Timestamp	MediaTime	PostMarker	Annotation	version	Number of faces	width	height	FrameIndex	faceid	#classifiers	Brow Furrow	Brow Raise	Engagement	Lip Corner Depressor	Smile	Valence	Attention	Interocular Distance	Pitch	Yaw	Roll	InnerBrowRaise	EyeClosure	NoseWrinkle	UpperLipRaise	LipSuck	LipPress	MouthOpen	ChinRaise	Smirk	LipPucker	Anger	Sadness	Disgust	Joy	Surprise	Fear	Contempt	Cheek Raise	Dimpler	Eye Widen	Lid Tighten	Lip Stretch	Jaw Drop	LiveMarker	KeyStroke	MarkerText	SceneType	SceneOutput	SceneParent
CKbyEmotion	20191217	S058-disgust	0	MALE	FaceRecording-1	TestImage	AffRaw	20191217_173255803	80			4	1	640	490	0	0	34	0.4495259	0.0005062672	0.08239575	0.009402209	0.00283667	0	97.56611	152.9281	-4.72786	-3.544811	-3.45189	0.187061	2.319995E-11	0.01039992	0.004355914	0.01307959	0.0261873	0.05328217	0.1425325	2.826938E-05	0.02275993	0.00204621	0.02510654	0.4264277	0.001778569	0.1888589	0.004607169	0.1942604	0.0001349445	0.01044043	3.150124E-05	0.01494872	0.002197909	0.09189927						
CKbyEmotion	20191217	S058-disgust	0	MALE	FaceRecording-1	TestImage	AffRaw	20191217_173255843	120			4	1	640	490	1	0	34	1.297882	0.0003935807	0.08788477	0.02325444	0.00296816	0	98.49596	154.0413	-4.668409	-1.090672	-3.816658	0.1646684	1.875531E-11	0.03761992	0.01406479	0.03142165	0.02512481	0.08287872	0.1978396	1.992221E-05	0.02954173	0.002203809	0.02669063	0.4274844	0.00168345	0.179813	0.004725176	0.1973669	0.0002075485	0.01014969	2.134255E-05	0.01386484	0.003274512	0.1639841						
CKbyEmotion	20191217	S058-disgust	0	MALE	FaceRecording-1	TestImage	AffRaw	20191217_173255883	160			4	1	640	490	2	0	34	1.251817	0.0003574378	0.08785085	0.02873923	0.003532962	0	98.42832	153.4064	-6.698741	-1.314064	-4.553356	0.170552	1.742548E-11	0.03185648	0.01327052	0.04771961	0.02314981	0.09666884	0.2384982	1.778612E-05	0.02316199	0.002199624	0.02659314	0.426997	0.001689115	0.1804428	0.004715534	0.1971885	0.0002363648	0.009525301	1.303739E-05	0.01359308	0.0027473	0.1778789						
CKbyEmotion	20191217	S058-disgust	0	MALE	FaceRecording-1	TestImage	AffRaw	20191217_173255923	200			4	1	640	490	3	0	34	1.554546	0.0001499042	0.08953051	0.01746277	0.005498488	0	98.63876	153.0332	-5.727946	-0.5846451	-4.391098	0.2124678	6.4029E-12	0.05297503	0.0205591	0.03397809	0.01913302	0.1503583	0.2011502	1.538216E-05	0.01395469	0.00224805	0.02722797	0.4286101	0.001658136	0.1775842	0.004767015	0.1982795	0.0003912839	0.007523946	1.156594E-05	0.01800931	0.002677327	0.1776711						
CKbyEmotion	20191217	S058-disgust	0	MALE	FaceRecording-1	TestImage	AffRaw	20191217_173255963	240			4	1	640	490	4	0	34	1.475745	9.564323E-05	0.08952876	0.02612613	0.008315873	0	98.61325	153.0918	-4.149135	-0.6788059	-5.462183	0.2535177	4.951289E-12	0.06211391	0.02589962	0.06889389	0.0238902	0.219392	0.2796775	1.934923E-05	0.006539457	0.002239621	0.02706226	0.4288514	0.001669577	0.1787711	0.004760986	0.1979457	0.0005733271	0.008711411	1.314581E-05	0.02555146	0.003069877	0.1477458						
CKbyEmotion	20191217	S058-disgust	0	MALE	FaceRecording-1	TestImage	AffRaw	20191217_173256003	280			4	1	640	490	5	0	34	1.69572	6.50607E-05	0.09191635	0.05179032	0.009913704	0	98.52437	152.7655	-4.521687	-0.9939146	-5.150148	0.3191524	6.061519E-12	0.07816293	0.03193302	0.1294702	0.02462862	0.3397487	0.4285017	3.005566E-05	0.006184952	0.002294085	0.02750894	0.4294763	0.001649748	0.1772375	0.004796939	0.1987386	0.000678158	0.009065878	1.631423E-05	0.04134223	0.004767428	0.1601073						
CKbyEmotion	20191217	S058-disgust	0	MALE	FaceRecording-1	TestImage	AffRaw	20191217_173256043	320			4	1	640	490	6	0	34	5.707684	1.765027E-05	0.1268302	0.07337236	0.008575833	0	98.76938	153.0934	-3.852983	-0.07364574	-3.896649	0.3556314	4.480819E-12	0.1565575	0.05736278	0.2061167	0.02325227	0.8000614	0.9290168	5.472395E-05	0.004317107	0.003267571	0.03666346	0.4363207	0.001279127	0.1410912	0.005484945	0.2142541	0.000775937	0.008285367	1.789875E-05	0.09433465	0.005786944	0.1619465						
CKbyEmotion	20191217	S058-disgust	0	MALE	FaceRecording-1	TestImage	AffRaw	20191217_173256083	360			4	1	640	490	7	0	34	26.07209	4.564698E-06	0.6010617	0.1348687	0.006058417	0	98.63866	154.164	-3.470998	-0.5850537	-3.93114	0.333348	5.173809E-11	0.5282156	0.1338285	0.4376314	0.02227967	1.430196	2.413118	7.341279E-05	0.004300933	0.01897042	0.1645483	0.4572799	0.0003410554	0.04229883	0.01078373	0.3136224	0.0007705789	0.007158327	2.134903E-05	0.2713428	0.007168772	0.2080089						
CKbyEmotion	20191217	S058-disgust	0	MALE	FaceRecording-1	TestImage	AffRaw	20191217_173256123	400			4	1	640	490	8	0	34	61.16742	1.521201E-06	7.662555	0.2173934	0.004658293	-9.325386	98.6433	154.7327	-3.035993	-0.5677012	-4.011289	0.3155861	1.651828E-09	1.622384	0.3040642	0.5848236	0.01816512	2.293805	3.985114	9.066008E-05	0.003453761	0.3740458	2.175059	0.5279436	3.482625E-05	0.005268527	0.03461315	0.6039053	0.0008354202	0.005793306	1.289688E-05	0.6908639	0.007624972	0.2633324						
CKbyEmotion	20191217	S058-disgust	0	MALE	FaceRecording-1	TestImage	AffRaw	20191217_173256163	440			4	1	640	490	9	0	34	86.3659	6.688604E-07	35.87658	0.3059227	0.003724903	-21.7	98.51904	155.5726	-3.750463	-1.012229	-4.490065	0.3158615	1.892326E-08	6.619484	0.8011392	0.4747308	0.01299273	2.525902	5.503941	9.240278E-05	0.004675838	3.107599	12.78884	0.921873	6.719962E-06	0.001169979	0.07985225	0.9651831	0.000925753	0.005157213	5.89118E-06	1.847028	0.008178819	0.3280319						
CKbyEmotion	20191217	S058-disgust	0	MALE	FaceRecording-1	TestImage	AffRaw	20191217_173256203	480			4	1	640	490	10	0	34	96.46612	2.269138E-07	56.40177	0.3526777	0.002533753	-37.66537	98.35349	156.1714	-4.049403	-1.550434	-4.94049	0.2670748	3.616858E-07	25.67684	2.535562	0.434646	0.006983553	2.893039	7.138651	8.465778E-05	0.004832808	7.507303	23.58233	6.121875	3.491947E-06	0.0006444788	0.1113297	1.164182	0.0009332371	0.004765956	3.013113E-06	3.961969	0.00756015	0.4034121						
CKbyEmotion	20191217	S058-disgust	0	MALE	FaceRecording-1	TestImage	AffRaw	20191217_173256243	520			4	1	640	490	11	0	34	98.8268	1.48261E-07	63.17807	0.4085376	0.001971137	-66.4769	98.3912	157.1899	-3.040855	-1.43271	-4.411243	0.2554024	8.939596E-06	66.93084	9.112923	0.3887485	0.005644645	3.653146	8.731287	9.368812E-05	0.006515952	11.10178	26.45291	83.10175	3.033359E-06	0.0005708948	0.1199757	1.216281	0.0009746187	0.004556964	1.723503E-06	8.127636	0.007597885	0.4850851						
CKbyEmotion	20191217	S058-disgust	0	MALE	FaceRecording-1	TestImage	AffRaw	20191217_173256283	560			4	1	640	490	12	0	34	99.45729	9.799432E-08	66.75487	0.5008745	0.001577881	-87.32873	98.46605	157.3499	-3.271288	-1.190685	-4.537261	0.2468182	4.907969E-05	88.87916	22.12639	0.3201575	0.004068961	4.110569	10.30237	8.3632E-05	0.007352506	14.83693	27.13888	98.9589	2.934844E-06	0.0005570896	0.1218924	1.230601	0.0009267423	0.004761862	1.054401E-06	13.42292	0.007069837	0.589425						
CKbyEmotion	20191217	S058-disgust	0	MALE	FaceRecording-1	TestImage	AffRaw	20191217_173256323	600			4	1	640	490	13	0	34	99.75862	5.005404E-08	78.25745	0.5503068	0.001207457	-99.99822	98.40061	157.4483	-2.136605	-1.402864	-4.633882	0.2711115	5.310632E-05	95.26475	34.52123	0.3406352	0.004681968	5.846162	18.17163	7.902209E-05	0.007845996	34.23718	26.49664	99.76688	2.969597E-06	0.0005721981	0.1228749	1.23752	0.0008585967	0.004569187	4.29587E-07	33.67755	0.006834038	0.637612						
CKbyEmotion	20191217	S058-disgust	0	MALE	FaceRecording-1	TestImage	AffRaw	20191217_173256363	640			4	1	640	490	14	0	34	99.88398	3.503699E-08	85.28027	0.5996077	0.001085599	-99.99834	98.45726	157.7189	-2.521537	-1.219692	-4.948368	0.2866684	5.848641E-05	98.01826	56.11826	0.3010949	0.004413335	9.006235	24.71057	7.313147E-05	0.007621941	72.18966	24.72552	99.95862	3.119451E-06	0.0006156856	0.123019	1.240407	0.000894675	0.003573127	2.142672E-07	63.50729	0.006067327	0.7105865						
CKbyEmotion	20191217	S058-disgust	0	MALE	FaceRecording-1	TestImage	AffRaw	20191217_173256403	680			4	1	640	490	15	0	34	99.93513	2.796863E-08	96.9648	0.685755	0.001023268	-99.9984	98.34548	158.0824	-2.882353	-1.575113	-4.593019	0.3126837	0.0004993237	98.90334	68.82474	0.2797381	0.007104135	13.05532	35.43214	6.911709E-05	0.00789064	89.41737	22.43952	99.98658	3.34651E-06	0.0006813688	0.1225557	1.241588	0.0009390248	0.003576212	1.139407E-07	84.34851	0.005952836	0.8450381						
CKbyEmotion	20191217	S058-disgust	0	MALE	FaceRecording-1	TestImage	AffRaw	20191217_173256443	720			4	1	640	490	16	0	34	99.96304	1.829828E-08	98.49172	0.6388642	0.0009561928	-99.99844	98.27097	157.7815	-1.454423	-1.799168	-4.654317	0.3297626	0.001734188	99.35024	80.9598	0.240478	0.008543038	15.79701	46.45062	6.658909E-05	0.008304699	93.9321	20.93363	99.99367	3.511101E-06	0.0007303927	0.1223371	1.242235	0.001015523	0.003425869	4.973979E-08	94.59752	0.00573627	0.9585122						
CKbyEmotion	20191217	S058-disgust	0	MALE	FaceRecording-1	TestImage	AffRaw	20191217_173256483	760			4	1	640	490	17	0	34	99.97606	1.652828E-08	99.50434	0.6715803	0.0009640186	-99.99838	98.21395	157.7888	-2.326863	-1.964269	-4.544046	0.3143044	0.001407201	99.41494	83.76915	0.1619687	0.01029134	19.5813	55.98305	6.57295E-05	0.008183836	95.39706	18.95355	99.99597	3.757985E-06	0.0008032735	0.121966	1.242534	0.001116357	0.002803609	2.291562E-08	97.87596	0.005355324	1.038399						
