#Study : CKbyEmotion
#Date : 20191217 20:50:02
#Version : 7.2.15327.0
#TestRunDate : 20191217 17:32:55.516 (+02:00)

StudyName	ExportDate	Name	Age	Gender	StimulusName	SlideType	EventSource	Timestamp	MediaTime	PostMarker	Annotation	version	Number of faces	width	height	FrameIndex	faceid	#classifiers	Brow Furrow	Brow Raise	Engagement	Lip Corner Depressor	Smile	Valence	Attention	Interocular Distance	Pitch	Yaw	Roll	InnerBrowRaise	EyeClosure	NoseWrinkle	UpperLipRaise	LipSuck	LipPress	MouthOpen	ChinRaise	Smirk	LipPucker	Anger	Sadness	Disgust	Joy	Surprise	Fear	Contempt	Cheek Raise	Dimpler	Eye Widen	Lid Tighten	Lip Stretch	Jaw Drop	LiveMarker	KeyStroke	MarkerText	SceneType	SceneOutput	SceneParent
CKbyEmotion	20191217	S055-disgust	0	MALE	FaceRecording-1	TestImage	AffRaw	20191217_173255596	80			4	1	640	490	0	0	34	17.70966	2.537407E-06	37.66856	0.001452176	0.0002047509	0	97.4821	137.577	0.3167942	-3.718772	4.984766	0.3401486	3.530356E-12	0.06060876	0.1226979	0.0001168694	0.006605719	75.23937	0.005985944	8.168021E-05	0.01737069	0.2235885	0.0002878337	1.670212	0.002253887	1.166724	59.6441	0.2683488	4.605986E-06	0.001874376	98.03384	0.07628328	0.0006732419	0.2609513						
CKbyEmotion	20191217	S055-disgust	0	MALE	FaceRecording-1	TestImage	AffRaw	20191217_173255636	120			4	1	640	490	1	0	34	6.927087	2.359827E-07	26.7956	0.02688676	0.0004417475	0	98.52128	140.3776	4.693668	-1.004538	5.299116	0.3964134	1.53091E-11	0.04318243	0.09897801	0.0002333276	0.008557681	79.00266	0.01920663	2.257052E-05	0.01619999	0.06188972	0.0001671121	1.781652	0.004888379	2.167895	24.37605	0.219331	5.292909E-06	0.003372194	86.45143	0.06584781	0.0007204652	0.4309846						
CKbyEmotion	20191217	S055-disgust	0	MALE	FaceRecording-1	TestImage	AffRaw	20191217_173255676	160			4	1	640	490	2	0	34	10.01759	6.302855E-07	47.18423	0.05916418	0.0006898273	0	98.26572	137.5764	2.785596	-1.814565	4.222579	0.3752019	1.187803E-10	0.0848977	0.2278113	0.0001897617	0.007444775	88.40391	0.01764902	1.490345E-05	0.02210997	0.08547328	0.0001952136	2.126003	0.004737679	2.122962	14.87917	0.232381	1.008518E-05	0.003003072	79.32277	0.07099007	0.000635513	0.4663095						
CKbyEmotion	20191217	S055-disgust	0	MALE	FaceRecording-1	TestImage	AffRaw	20191217_173255716	200			4	1	640	490	3	0	34	31.59849	8.984103E-07	86.43196	0.01194716	0.0004890881	0	98.09534	139.5158	1.284112	-2.291819	4.105606	0.3196079	1.103793E-10	0.2270307	0.5873783	6.260467E-05	0.005179268	94.32447	0.01096714	1.522378E-05	0.01376609	0.627911	0.0009780795	2.425817	0.001284831	0.6447892	16.65876	0.3478869	1.267425E-05	0.0008923921	73.46909	0.1019587	0.0003028011	0.4590525						
CKbyEmotion	20191217	S055-disgust	0	MALE	FaceRecording-1	TestImage	AffRaw	20191217_173255756	240			4	1	640	490	4	0	34	66.21786	6.679909E-07	98.88387	0.02021861	0.0005774568	-10.46335	98.21062	138.2658	1.608641	-1.973779	4.240958	0.3215425	2.605509E-10	1.125743	2.760692	8.953808E-05	0.005447019	96.55915	0.01257655	2.503654E-05	0.009120314	10.89014	0.01004397	2.979323	0.0001388015	0.09099291	53.08728	0.6636871	2.72814E-05	0.0007669645	79.26094	0.1592606	0.0003029941	0.4409634						
CKbyEmotion	20191217	S055-disgust	0	MALE	FaceRecording-1	TestImage	AffRaw	20191217_173255796	280			4	1	640	490	5	0	34	78.67812	5.765079E-07	99.51134	0.02918519	0.001152073	-21.77908	98.37575	139.7479	1.5171	-1.481287	4.766269	0.2503676	4.305486E-10	4.983098	11.18333	0.0001451861	0.006557805	95.75082	0.02781885	2.481078E-05	0.01030556	25.20607	0.04981022	5.695871	6.05132E-05	0.03490652	19.72869	0.8368567	8.507074E-05	0.0009221535	59.91811	0.1597099	0.0004508977	0.6412748						
CKbyEmotion	20191217	S055-disgust	0	MALE	FaceRecording-1	TestImage	AffRaw	20191217_173255836	320			4	1	640	490	6	0	34	79.32413	3.645795E-07	99.45214	0.01706658	0.002523199	-33.83516	98.15795	140.5294	2.314947	-2.12149	3.908385	0.1729359	4.552142E-10	11.91713	24.94581	0.000192454	0.004876069	93.49561	0.04272617	2.792113E-05	0.008955944	24.85714	0.08419212	15.96108	5.568983E-05	0.02810889	6.86254	0.8468827	0.000244147	0.0004946542	47.70423	0.1519091	0.0003311762	0.7499262						
CKbyEmotion	20191217	S055-disgust	0	MALE	FaceRecording-1	TestImage	AffRaw	20191217_173255876	360			4	1	640	490	7	0	34	83.94585	2.900877E-07	99.59953	0.02102027	0.00395157	-71.48926	98.07852	137.4746	1.635156	-2.33663	4.457639	0.1176095	1.974667E-08	39.32819	60.43727	0.0002873438	0.004901472	93.28192	0.08243478	3.823645E-05	0.008132142	32.60947	0.1700469	90.49757	4.100253E-05	0.01908186	2.87373	0.92274	0.0004508039	0.0005714161	37.0912	0.1541914	0.0003755861	0.8721471						
CKbyEmotion	20191217	S055-disgust	0	MALE	FaceRecording-1	TestImage	AffRaw	20191217_173255916	400			4	1	640	490	8	0	34	85.59585	2.668939E-07	99.6003	0.01813268	0.00667227	-99.99195	98.14483	138.6308	2.235863	-2.157679	4.104725	0.1072176	1.605908E-07	77.25923	89.05465	0.000415084	0.003572708	91.65909	0.1220534	4.704619E-05	0.006461038	34.47198	0.2856876	99.88969	3.575081E-05	0.01501153	1.099275	0.9512664	0.0008630149	0.0004112651	26.79925	0.1524886	0.0003154939	1.009008						
